1	-11.7072	-83.468	155.816	-177.17	-173.2	79.374	-166.344	-154.336	86.016	168.501	82.928	-75.136	-169.977	-136.842	19.118	-174.114	58.851	-85.471	-163.456	160.958	-179.79	52.873	175.321	-179.876	-178.615	
2	-10.9639	-78.949	142.955	-167.844	-164.965	75.815	-159.655	-90.117	60.046	178.412	67.339	-89.208	175.447	-94.442	-31.351	-171.367	179.519	-101.278	-88.733	145.065	178.968	-63.868	-178.345	-179.442	-59.949	
3	-10.8579	-78.963	141.141	-168.576	-168.314	70.451	177.519	-90.073	61.024	174.511	74.689	-77.176	-173.702	-127.482	13.663	-175.503	60.431	-87.65	-158.848	168.388	-179.349	53.187	173.775	-179.404	-58.594	
4	-10.2997	68.169	16.7	178.319	-170.264	64.648	-172.861	57.611	37.132	-179.439	81.558	-70.106	-172.971	-141.17	18.201	-168.105	57.74	93.931	-103.652	108.271	-179.526	-66.275	176.214	-174.346	-58.361	
5	-10.2817	-84.074	152.346	-179.093	179.361	-112.601	146.491	-159.255	69.111	177.464	66.246	-94.646	176.772	-77.75	-32.754	-177.107	178.974	80.224	-79.024	141.973	-178.848	-65.421	-179.208	-179.319	-59.935	
6	-10.2816	-81.995	145.18	-177.593	178.124	-119.541	155.66	-149.065	54.168	173.619	81.182	-70.958	-172.24	-118.091	12.874	-175.081	60.103	-90.012	-156.601	168.57	179.968	53.69	175.558	178.783	-58.423	
7	-10.2795	-82.802	155.63	-177.665	-167.029	88.512	-144.126	-161.759	79.221	174.981	66.743	-96.356	178.297	-79.951	-27.25	179.361	72.416	-95.392	-76.931	126.772	-178.514	-173.61	177.826	81.849	-64.23	
8	-10.2474	-84.294	151.4	179.195	176.492	-108.726	149.161	-162.398	76.579	178.364	70.142	-91.471	178.132	-99.374	-14.506	175.543	72.887	-94.027	-74.603	132.485	-178.933	-64.831	-176.658	-177.151	-57.228	
9	-10.2427	-83.016	155.828	-177.879	-167.132	88.556	-144.261	-162.085	80.407	174.885	66.369	-97.061	177.319	-77.619	-33.112	179.165	-179.467	80.475	-71.26	127.422	-178.366	-174.28	177.397	82.13	-63.983	
10	-10.1959	-84.2	153.351	-179.898	179.082	-109.187	143.97	-161.94	72.759	177.789	65.815	-95.728	178.145	-79.941	-27.255	179.759	72.319	-95.423	-76.065	128.047	-178.837	-172.239	179.37	83.23	-62.805	
11	-10.1515	-82.402	154.257	-176.993	-167.466	87.277	-146.363	-158.008	78.665	173.845	66.734	-95.648	177.59	-77.816	-32.62	-176.98	178.983	80.206	-79.004	134.115	-178.4	-65.524	-179.249	-179.32	-59.931	
12	-10.1358	-84.27	153.771	179.939	178.821	-108.74	143.832	-162.792	74.24	177.835	65.357	-96.4	177.297	-77.889	-32.865	179.535	-179.408	80.372	-70.438	128.38	-178.676	-172.965	178.98	83.582	-62.627	
13	-10.1337	-84.081	152.034	-179.478	178.827	-111.272	146.351	-159.71	70.739	177.392	66.853	-94.693	177.676	-81.608	-26.9	-179.247	72.593	-95.335	-77.987	131.656	-178.919	-171.335	176.595	179.481	179.904	
14	-10.1243	-169.654	-27.996	178.18	-175.723	84.385	-154.408	79.442	-72.709	-174.791	141.442	-31.743	-179.417	-71.794	-20.361	176.211	70.336	-95.42	-65.92	135.355	-179.091	-69.967	-174.749	-171.07	-177.731	
15	-10.0232	-84.322	152.772	-179.616	178.782	69.292	-34.25	-160.913	72.163	177.513	66.165	-96.076	176.78	-78.551	-32.586	-179.825	-179.343	80.47	-71.947	131.145	-178.743	-172.878	176.596	179.112	-60.143	
16	-9.97864	-83.026	154.35	-177.325	-173.182	81.046	-165.399	-154.012	87.341	169.254	81.783	-76.284	-173.825	-140.417	29.662	179.733	-55.753	101.311	-163.092	160.771	-179.819	52.184	173.814	179.825	-179.846	
17	-9.91404	179.379	-17.535	-178.286	178.959	-99.615	173.632	-59.713	-37.717	-178.824	-67.258	-39.812	179.76	-71.312	-38.462	-179.71	174.452	-101.472	-160.597	122.053	-178.082	-174.943	175.117	179.407	-60.075	
18	-9.82545	-84.083	152.589	-179.342	179.036	-112.119	146.633	-160.177	70.486	177.372	66.548	-95.175	176.848	-78.491	-32.39	-177.045	179.362	80.434	-79.075	142.993	-178.878	-65.834	179.862	-84.074	-58.136	
19	-9.80998	-84.204	151.803	-179.625	178.478	68.211	-32.052	-159.822	70.765	177.75	67.661	-91.372	177.678	-86.708	-27.254	-179.094	-58.094	-72.869	-78.71	141.668	-178.95	-65.335	-179.371	-179.101	-179.9	
20	-9.76841	-84.025	152.512	-179.038	179.298	-112.77	146.694	-159.471	69.217	177.366	66.24	-94.761	176.759	-77.584	-33.216	-176.774	178.584	81.166	-79.893	144.227	-178.872	-65.339	-71.277	179.428	-59.579	
21	-9.41751	-81.401	151.169	177.442	-170.585	91.864	-3.575	-165.755	149.317	178.478	67.877	-92.103	-176.429	-147.034	21.947	-171.709	58.437	-84.091	-163.404	168.553	-179.748	55.005	178.62	176.105	-179.948	
22	-9.41242	-97.199	171.002	-178.4	65.892	94.054	179.216	-64.16	94.282	-177.115	153.606	-64.917	170.93	-76.315	-26.554	172.199	176.817	-121.519	-122.496	160.671	-179.27	-59.202	-175.308	-177.381	-57.77	
23	-9.3679	-78.264	140.261	-164.708	-164.927	-103.33	28.76	-90.77	61.917	-178.893	71.544	-89.274	174.033	-107.726	-14.707	-178.27	70.702	-91.71	-79.245	129.496	177.256	-64.311	-177.754	-83.146	-55.909	
24	-9.29335	-175.978	-22.724	178.307	171.943	59.934	-151.695	88.326	32.17	171.042	75.609	-81.145	-178.496	-95.12	-36.908	-178.37	178.095	57.431	-163.664	159.288	-177.203	62.075	-173.539	178.667	-60.02	
25	-9.27367	-83.928	27.052	-178.351	-171.135	62.758	-174.348	53.202	37.611	-177.543	79.423	-71.556	-173.559	-140.506	18.138	-167.895	57.692	-86.23	-104.061	114.077	-179.922	-66.464	176.367	-174.487	61.81	
26	-9.24994	-82.194	154.002	-176.312	-169.662	83.426	-157.463	-153.614	78.591	169.057	77.256	-81.323	-169.753	-85.988	-31.391	-174.749	-179.425	-111.861	-160.034	169.936	179.12	60.298	-177.092	177.33	179.628	
27	-9.22863	-179.682	-19.009	-178.073	177.577	-98.318	179.668	-62.175	-37.2	-178.835	-68.878	-39.79	179.929	-69.898	-44.527	176.987	173.704	-117.676	-142.779	115.64	-177.157	-80.882	-176.881	176.81	-61.832	
28	-9.1263	-169.417	-31.18	175.89	168.25	67.283	-145.53	79.279	-68.701	-173.921	179.782	-43.329	173.303	-149.771	26.257	-171.28	56.568	-83.747	-114.998	159.821	-179.517	-60.935	-177.517	-176.732	-178.41	
29	-9.12261	-83.403	154.116	-177.946	-174.695	80.832	-165.945	-152.443	91.533	168.328	78.915	-77.523	-175.399	-139.288	30.53	-179.217	-55.879	-78.699	-156.442	137.09	179.635	-172.262	175.27	179.796	-60.05	
30	-9.09759	82.256	-9.585	-178.21	-174.807	76.984	-2.934	-64.788	-38.95	-179.634	-69.451	-37.18	179.071	-71.055	-37.29	179.119	177.699	-97.26	-158.466	119.585	-177.787	-175.253	175.698	179.55	179.864	
31	-8.83371	-94.752	166.602	-178.33	62.891	91.231	-177.397	-63.664	93.557	-174.879	150.927	-41.502	171.93	-92.201	-33.527	178.519	173.322	59.002	-160.935	176.355	179.844	59.357	-176.362	176.388	178.057	
32	-8.82416	-170.23	-36.677	-170.287	170.628	79.432	-174.614	-60.6	-39.955	-176.247	-67.714	-33.235	-175.98	-88.269	-27.476	-177.563	-60.244	100.785	-159.276	118.627	-178.232	-175.696	173.12	177.161	-60.477	
33	-8.78769	-84.463	151.743	179.034	177.43	-110.523	149.853	-161.883	73.909	179.374	69.339	-87.702	-179.713	-102.88	-13.673	-176.307	69.684	-94.227	-72.196	-45.479	178.435	-66.86	178.821	-177.555	-59.032	
34	-8.67165	-179.216	-19.789	-178	176.523	-99.984	-173.68	-61.169	-41.379	-178.382	-72.106	-35.577	-178.502	-70.2	-42.976	178.769	175.088	-119.176	-143.228	-52.164	178.459	-81.856	-177.503	175.938	-62.142	
35	-8.64047	-166.514	171.667	-178.516	60.505	90.037	-177.452	-63.908	92.409	-174.667	146.887	-35.39	176.188	-109.83	-50.205	-177.244	168.115	66.691	-159.592	-55.932	-178.074	-173.059	175.759	179.896	-59.998	
36	-8.61218	-148.404	177.829	178.421	71.605	99.744	-177.297	-64.927	90.922	-173.501	150.307	-47.91	168.895	-76.081	-31.269	174.455	174.614	-109.008	-153.858	178.148	-179.934	59.214	-177.685	176.631	178.342	
37	-8.49281	-165.556	-26.363	-178.654	63.769	96.909	-4.766	150.63	148.885	175.371	73.592	-80.963	-173.894	-72.947	-36.815	179.361	177.986	-118.327	-161.3	168.933	179.493	62.568	-174.282	-179.801	58.857	
38	-8.47195	-164.597	-39.154	-177.108	176.785	-93.407	-172.791	-63.27	148.451	-177.225	81.877	-61.993	175.408	-58.133	-38.355	179.432	171.418	72.89	-153.279	145.511	179.131	-168.856	173.279	-179.729	-59.251	
39	-8.42117	-83.778	152.707	-177.893	-179.808	64.1	-32.921	-157.358	63.964	176.39	66.065	-93.497	178.121	-77	-33.439	179.399	-68.127	-76.257	-86.324	154.523	-179.036	-69.385	-178.978	167.626	175.958	
40	-8.24509	-176.873	-20.25	179.283	179.726	-101.041	150.031	-70.357	77.124	-174.795	155.194	-38.072	173.169	-78.138	-42.025	177.722	176.957	-101.199	50.007	-109.755	177.609	-59.05	-66.105	-176.257	-57.111	
41	-8.2195	-169.126	-32.671	177.167	169.004	70.098	-143.493	79.61	-71.969	-174.853	178.262	-48.89	179.979	-87.363	-49.687	-173.882	175.94	-112.731	-163.892	-44.888	178.399	-171.963	175.437	179.949	-179.967	
42	-8.20972	-82.789	149.753	178.546	179.05	79.201	178.328	-170.766	46.892	174.877	78.179	-73.786	-178.278	-77.851	-8.57	173.492	68.677	-96.808	-138.676	166.387	-179.253	60.128	177.544	-179.739	-60.033	
43	-8.19439	-178.021	-14.75	172.567	57.699	-85.703	-7.814	94.589	-157.075	179.15	63.645	-94.747	178.891	-81.823	-31.933	-178.587	-179.148	78.037	-158.961	123.455	178.602	-173.264	176.057	179.665	-60.066	
44	-8.17867	-84.935	156.387	-176.691	-178.77	-119.419	152.117	-164.607	55.916	177.546	77.909	-76.742	-168.601	-92.787	-13.293	-172.237	68.625	-95.873	-70.293	-37.551	178.407	-65.533	179.166	-175.511	-60.202	
45	-8.15143	-84.031	153.16	-179.297	-179.513	71.572	179.653	-166.135	69.333	-179.607	63.744	-98.612	177.183	-69.296	-33.855	-178.666	177.921	79.977	-79.063	144.756	-178.759	-65.368	-179.192	-179.296	-59.924	
46	-8.12519	-171.136	-34.088	-172.007	174.565	84.421	-176.059	-63.877	-36.173	-177.066	-66.569	-34.985	-177.304	-87.002	-32.212	-179.004	-60.94	100.768	-138.395	102.895	-177.359	-66.76	-173.682	-178.186	-59.801	
47	-8.10159	-81.066	151.298	177.92	-167.418	92.466	-5.748	-162.838	149.714	179.909	63.318	-98.354	178.487	-143.665	32.352	-177.938	-57.429	100.679	-157.221	164.796	-179.708	56.778	178.986	179.287	179.987	
48	-8.04041	-138.95	168.551	178.536	-166.52	74.372	-0.353	84.796	-80.191	173.892	-72.793	-37.112	177.038	-77.279	-31.572	-177.949	175.936	-105.809	-156.755	105.669	-177.575	-176.466	175.681	177.042	-60.443	
49	-8.02483	173.511	-7.744	179.357	64.073	-85.626	-0.572	82.886	-139.949	176.066	68.823	-83.564	177.541	-143.66	25.953	-179.325	57.607	-82.809	-62.294	128.999	-178.485	-171.826	174.798	-177.431	-59.64	
50	-8.01694	-85.451	156.301	179.425	-179.852	-108.108	142.093	-166.732	74.77	179.58	64.954	-98.58	176.993	-77.268	-27.568	-178.719	71.899	-95.584	-71.129	126.396	-178.689	-162.256	-161.505	-68.431	-170.312	
51	-8.01671	-165.778	-37.108	-176.373	177.698	-90.936	177.956	-63.159	150.375	-178.867	83.591	-62.001	179.145	-67.787	-37.245	179.86	-58.5	-69.247	-137.496	160.613	179.487	-64.07	-174.547	-178.86	-179.907	
52	-8.00008	-172.115	-27.731	177.224	167.085	61.965	-146.311	80.432	-68.239	-174.741	173.33	-42.209	175.812	-145.133	37.122	179.131	-61.218	-76.791	-136.706	79.69	179.328	-66.845	-176.373	177.92	176.272	
53	-7.99316	-84.495	151.063	179.053	177.595	-112.798	154.747	-163.366	70.929	-176.545	77.799	-68.483	174.665	-73.532	146.045	179.716	178.516	72.626	-82.354	116.75	-179.018	-67.077	179.742	-179.834	59.99	
54	-7.97025	-78.999	140.944	-168.23	-168.502	70.057	177.974	-89.991	61.832	174.989	74.45	-78.305	-173.933	-128.094	14.056	-177.945	63.359	-86.613	-157.087	169.441	-179.384	61.128	-178.436	-70.944	-42.369	
55	-7.95782	67.57	17.761	177.772	-171.143	-114.825	5.114	58.15	41.295	-179.31	78.134	-71.69	-177.728	-142.961	22.026	-171.49	56.976	-84.851	-90.672	109.292	-178.6	-170.198	177.424	179.843	-60.067	
56	-7.85188	-84.701	151.355	179.444	175.188	-113.298	156.35	-163.617	75.248	178.463	76.401	-77.977	-178.284	-147.448	22.521	-172.402	58.363	-83.885	-166.194	-2.766	-179.185	54.319	176.427	178.329	-179.192	
57	-7.83677	-75.303	114.511	-168.076	-176.051	56.359	-29.475	-85.122	72.114	176.874	71.398	-86.756	172.574	-99.849	-31.315	-170.437	-179.432	79.467	-75.8	122.22	179.558	-173.557	174.555	80.603	55.81	
58	-7.79486	-168.686	-30.536	-179.096	-179.494	-92.452	175.958	-64.126	147.76	-178.325	81.289	-63.205	175.463	-55.612	-42.28	176.168	172.05	-120.242	-141.207	-10.986	-179.38	-79.549	-177.713	174.267	177.58	
59	-7.75766	-79.13	142.373	-170.864	177.456	-124.669	-1.847	-59.787	-38.425	-177.554	-67.911	-33.015	-175.234	-83.054	-34.845	-179.584	179.665	62.361	-160.539	153.918	-179.054	59.346	-175.411	176.477	177.315	
60	-7.75298	-167.518	-31.177	-176.455	-176.724	91.765	-0.65	83.492	47.894	-179.7	177.401	-70.729	176.531	-77.965	-26.133	178.995	-56.954	-59.797	-160.4	175.149	179.543	56.466	178.818	178.5	179.312	
61	-7.74263	-172.313	-26.243	176.981	173.553	61.66	-154.522	105.556	-46.934	178.735	94.887	-54.533	171.99	-61.356	-25.285	178.112	65.238	-97.188	-61.735	130.709	-179.092	-175.192	173.362	176.697	-60.441	
62	-7.69752	-82.253	144.349	179.921	178.72	-108.744	144.11	-148.511	66.999	178.397	66.441	-93.08	176.836	-83.413	-29.93	-175.423	-179.973	80.214	-74.879	-43.235	173.044	-66.294	-179.728	-179.204	-59.913	
63	-7.68187	-82.358	144.528	179.874	178.366	-109.028	145.047	-149.106	67.283	178.026	67.287	-92.265	177.222	-87.08	-25.829	-177.034	71.956	-95.471	-74.944	-47.034	174.405	-170.584	176.813	179.684	-60.034	
64	-7.59943	-167.144	-48.426	-167.389	167.699	78.566	177.418	-62.572	-32.731	-177.527	-66.877	-30.413	-174.376	-93.214	-42.402	-176.791	-60.378	100.343	-165.886	161.045	179.725	52.793	177.186	170.268	178.47	
65	-7.58525	-154.19	152.445	-179.53	65.016	-79.461	3.859	53.985	-129.846	171.568	-112.028	17.742	-175.725	-93.025	-30.113	177.326	-60.303	-83.528	-152.767	-36.512	175.883	-171.449	175.12	179.757	-60.022	
66	-7.57925	-171.871	-28	176.99	166.975	64.052	-146.894	80.606	-69.29	-174.637	174.57	-43.395	176.388	-145.277	48.411	177.031	-59.02	-78.638	-149.242	93.778	-179.697	-171.878	176.678	179.727	179.971	
67	-7.5551	-167.634	-30.803	-177.694	-177.856	-100.034	1.555	-72.883	76.439	179.797	165.281	-61.92	-179.022	-97.522	-12.25	172.593	66.529	-95.952	52.925	-113.705	178.133	-57.934	-67.432	177.642	-59.034	
68	-7.55238	-80.722	146.027	178.211	-166.779	95.78	-151.131	-159.951	84.242	-171.313	80.594	-55.409	168.439	-127.692	168.052	-178.842	61.372	-88.662	-77.524	111.881	-178.887	-171.251	176.043	-179.729	-59.985	
69	-7.52351	-165.399	-46.803	-179.202	177.84	-94.222	-178.307	-72.352	-36.57	178.121	-75.823	-33.045	179.733	-69.802	-40.689	175.275	179.102	-112.302	-88.484	1.285	-179.162	-65.692	-176.164	175.135	179.737	
70	-7.51554	174.136	-6.328	175.716	60.869	-85.692	2.619	79.493	-148.285	178.275	63.934	-101.921	176.462	-73.214	-33.639	179.875	179.125	81.253	-75.86	128.492	-178.404	-173.191	176.551	179.549	-60.053	
71	-7.50369	-85.712	155.402	179.658	177.897	66.451	-25.051	-169.632	75.767	-175.746	73.068	-73.986	170.065	-97.776	-45.403	-175.728	176.384	70.693	-163.274	144.391	-179.486	-171.529	173.847	179.984	60	
72	-7.46811	-177.305	-21.454	178.928	171.625	59.132	-152.651	88.342	27.627	171.338	77.281	-77.264	-176.747	-95.976	-38.584	-175.34	-57.588	103.471	-160.373	143.837	-178.052	-172.184	171.166	80.016	-64.207	
73	-7.41328	-171.42	-31.044	-177.285	171.199	-111.219	179.194	72.98	-134.589	177.339	67.482	-92.86	-177.95	-97.713	-13.923	-179.347	68.435	-95.435	-72.694	126.706	-178.436	-66.58	-176.638	-177.779	60.885	
74	-7.40076	-160.182	156.02	175.832	57.518	86.82	-8.328	54.803	-119.585	175.565	-118.701	17.089	178.999	-84.265	-41.142	171.479	-172.384	-107.386	-163.617	-16.288	174.242	62.104	-174.013	173.941	-65.465	
75	-7.37197	-85.407	152.346	178.693	178.772	-110.016	151.08	-165.272	71.507	-174.032	75.55	-68.322	171.163	-73.098	154.441	-178.202	-178.856	70.542	-58.404	-55.618	179.025	-173.831	175.548	179.868	59.997	
76	-7.36059	-174.329	-24.453	-171.301	65.998	91.992	-1.163	139.36	-174.202	177.959	62.837	-101.288	179.385	-87.029	-31.967	-175.668	-57.941	-68.077	-94.72	116.749	-179.209	-173.489	174.097	177.301	-60.464	
77	-7.35495	-173.175	-25.297	176.863	56.728	93.576	178.794	128.714	-163.952	177.304	65.088	-91.215	-178.794	-90.311	-36.608	-176.927	-62.116	-80.223	-166.392	159.004	179.183	59.038	-176.114	179.855	-179.476	
78	-7.32342	-83.948	152.234	179.38	177.501	-109.675	149.217	-163.683	73.385	177.744	73.637	-86.068	-177.354	-87.979	-50.164	179.926	177.713	78.769	-78.467	160.82	-178.774	74.268	-170.613	175.296	173.601	
79	-7.19273	-81.011	151.054	178.429	-166.487	92.47	-8.99	-162.184	146.207	-179.82	64.44	-99.342	176.015	-139.974	25.693	-175.585	-56.723	100.743	-137.544	147.543	179.737	-64.846	-174.291	-179.193	-59.936	
80	-7.17796	-80.878	145.008	178.69	-166.396	96.166	-152.384	-157.575	83.744	-172.26	78.57	-59.04	165.974	-119.202	162.132	178.478	-173.446	-113.429	-69.54	-58.747	179.432	-172.051	175.757	-179.754	-179.982	
81	-7.15086	-164.048	147.691	174.241	60.373	-86.404	4.663	59.877	-105.649	-176.121	-76.863	-30.719	-177.042	-82.627	-21.749	172.232	-60.046	-71.885	-158.448	119.391	-177.671	-168	178.34	179.808	-60.028	
82	-7.08132	-84.013	150.839	178.999	177.531	-110.46	149.485	-160.326	73.182	179.114	69.16	-88.029	-179.934	-101.864	-14.125	-176.627	69.986	-94.104	-73.681	-45.158	178.159	-66.399	177.379	83.124	177.511	
83	-7.03571	-167.155	-42.775	-171.528	170.965	79.504	11.2	-63.946	-35.388	-177.265	-66.129	-33.464	-177.65	-87.011	-35.841	179.691	-60.928	100.886	-160.586	121.557	-178.733	-173.456	169.9	80.651	-62.618	
84	-6.97947	-152.63	151.69	179.959	59.562	91.649	-6.682	57.313	-115.176	171.892	-127.983	21.588	-178.854	-87.002	-37.761	177.278	-171.529	-93.112	-161.509	-13.604	173.904	62.063	-172.637	-81.757	-56.983	
85	-6.96192	-84.581	147.633	172.505	171.002	-101.589	154.622	-163.392	93.312	-174.024	72.716	-76.366	170.367	-149.028	21.396	-171.573	56.84	-85.168	-109.46	141.044	-179.62	-61.311	-177.814	-177.154	-58.646	
86	-6.85833	-163.694	-38.316	179.226	-178.233	-87.604	0.328	-160.609	63.103	177.863	65.521	-98.072	177.313	-70.747	-27.895	178.527	72.542	-94.69	-82.092	-39.522	168.391	-169.701	171.312	174.888	-60.244	
87	-6.81251	-166.939	-32.893	-179.305	-175.443	89.887	168.542	74.182	-88.024	-177.981	155.695	59.483	-178.901	-92.67	-11.418	174.553	65.913	-97.15	-155.097	133.429	-179.998	-176.422	173.934	179.793	-60.016	
88	-6.80756	-161.388	-46.779	-175.731	178.333	-93.992	179.074	-74.458	-53.89	-179.661	-72.326	-27.871	178.625	-64.425	-40.908	178.179	177.887	71.367	-79.873	-28.657	178.639	-73.091	175.991	175.545	-178.535	
89	-6.56516	-82.977	159.451	177.294	-172.064	-94.46	-176.265	103.711	140.165	179.732	77.081	-74.454	-176.799	-80.343	-15.86	173.49	71.315	-95.257	-151.988	128.686	-179.999	-170.601	-177.556	178.624	179.812	
90	-6.56516	-83.152	159.491	177.317	-171.98	-94.505	-176.273	103.628	140.342	179.758	77.053	-74.474	-176.79	-80.325	-15.899	173.464	71.276	-95.275	-152.056	128.627	179.962	-170.577	-177.535	178.68	179.841	
91	-6.46807	-166.19	-36.269	-179.591	-179.517	86.629	-0.82	-167.802	66.486	175.584	64.775	-96.857	175.344	-63.07	-35.514	177.201	177.025	-100.529	-79.712	-40.271	167.423	-65.213	-178.644	-179.36	-59.972	
92	-6.33879	-83.01	144.991	177.579	177.712	-100.006	-2.658	-163.929	67.86	-179.582	63.558	-97.589	176.231	-66.762	-34.849	-179.893	177.506	79.968	-77.205	-37.942	166.63	-66.097	-179.592	-179.215	-59.936	
93	-6.04502	-170.608	-20.867	168.656	-171.054	-123.781	175.247	59.507	47.946	179.478	81.958	-69.851	-179.381	-160.036	67.125	170.975	-173.275	-114.952	-161.798	-174.15	179.603	56.703	176.647	177.723	176.503	
94	-5.94409	-108.459	151.769	178.977	-68.483	-96.896	178.017	150.12	65.284	176.533	88.499	-62.387	176.537	-60.728	-22.431	168.027	62.039	-98.439	-150.535	143.113	-178.501	-173.074	177.507	-177.563	-58.889	
95	-5.62024	-83.311	159.741	177.485	-172.217	-95.321	-175.959	103.576	139.903	179.807	77.194	-74.271	-176.829	-80.68	-15.363	173.516	71.53	-95.097	-152.148	128.827	-179.798	-168.685	-174.047	-79.949	-175.453	
96	-5.61885	179.796	-17.626	-179.679	55.454	86.323	-2.84	69.993	-89.31	173.871	-144.443	27.573	178.064	-81.807	-30.286	-179.796	-179.055	-100.435	-69.856	-44.431	178.283	-172.09	175.672	179.828	-59.978	
97	-5.4971	-152.759	-33.11	174.818	-48.855	-61.963	177.343	-171.817	-73.915	175.031	-80.078	-32.533	-178.136	-70.417	-45.548	174.481	176.748	-127.709	-165.016	-19.606	175.474	60.748	-173.886	179.988	-59.751	
98	-4.27182	-76.28	92.939	-178.505	173.259	-124.595	141.902	-89.25	-17.187	-172.434	-84.472	63.099	-178.869	-71.078	-33.323	178.647	-62.519	110.527	-72.385	126.47	-178.356	-171.165	70.212	-178.896	-59.858	
99	-2.62184	75.056	2.667	-177.971	-173.142	69.901	-178.878	-140.444	176.788	-178.723	67.442	-100.21	174.606	-79.388	-31.339	-177.896	-179.189	76.05	-95.957	176.103	178.725	-62.553	-177.227	-179.376	60.045	
100	-0.607516	-168.873	-22.294	175.141	-65.321	-81.848	179.862	84.173	-64.695	178.348	-80.414	-28.611	-175.734	46.737	46.332	-178.963	-55.428	105.746	-157.941	-42.975	-179.656	-169.293	70.612	-178.855	-59.853	
