1	-10.2474	-84.294	151.4	179.195	176.492	-108.726	149.161	-162.398	76.579	178.364	70.142	-91.471	178.132	-99.374	-14.506	175.543	72.887	-94.027	-74.603	132.485	-178.933	-64.831	-176.658	-177.151	-57.228	
2	-10.1337	-84.081	152.034	-179.478	178.827	-111.272	146.351	-159.71	70.739	177.392	66.853	-94.693	177.676	-81.608	-26.9	-179.247	72.593	-95.335	-77.987	131.656	-178.919	-171.335	176.595	179.481	179.904	
3	-9.99131	-82.687	155.195	-177.346	-167.185	-92.13	34.436	-160.505	79.693	174.509	66.946	-96.554	177.03	-78.752	-32.771	179.872	-179.345	-99.546	-72.232	129.071	-178.388	-173.73	176.543	178.875	179.819	
4	-9.82425	-84.266	152.672	-179.301	178.824	-111.551	146.476	-160.544	71.028	177.455	66.581	-95.276	176.858	-78.759	-32.193	-176.987	179.386	80.111	-79.029	143.466	-178.897	-65.785	-179.941	-83.964	-58.114	
5	-9.31636	-82.602	154.129	-177.446	-167.627	-92.302	30.77	-158.762	81.058	173.656	68.862	-92.433	178.441	-87.97	-26.991	-178.43	-57.909	-73.168	-79.451	134.1	-178.507	-65.512	-179.47	-83.371	62.573	
6	-9.14515	53.339	151.366	-178.835	178.513	67.752	-32.856	-158.06	69.38	177.169	66.394	-94.462	176.753	-78.022	-33.113	-176.639	178.603	-98.834	-79.865	144.032	-178.96	-65.335	-71.281	179.354	60.406	
7	-8.0118	-81.796	145.253	-177.71	178.449	-119.083	154.62	-148.986	55.07	173.401	79.504	-75.27	-171.309	-75.165	-31.91	-177.339	-59.832	108.355	-161.684	167.869	179.24	57.806	-179.128	179.196	-60.053	
8	-7.91733	-75.624	107.791	-173.286	178.209	-102.99	36.149	-93.604	66.505	169.943	80.207	-70.35	-177.838	-89.079	-38.117	-172.532	178.07	-111.145	-158.519	148.894	175.662	-171.65	172.385	-179.99	179.989	
9	-7.75372	-84.363	151.649	179.321	177.501	-105.365	1.052	-166.504	76.586	-179.07	67.488	-95.907	179.808	-92.618	-15.038	173.653	74.466	-94.386	-74.907	133.366	-178.847	-64.736	-175.925	-176.917	-56.797	
10	-7.51154	81.235	-9.927	177.23	174.436	59.924	-147.164	75.401	28.626	172.602	77.573	-76.545	-176.186	-92.715	-42.487	-175.323	177.208	-108.633	-162.901	142.056	-177.422	-171.51	174.202	-179.874	-59.994	
11	-7.04729	-80.997	145.809	178.238	-166.814	95.68	-151.049	-159.548	83.65	-171.393	80.9	-55.006	168.761	-127.948	167.489	-178.924	58.373	-89.893	-78.884	-61.04	179.7	-171.151	176.079	-179.715	-59.983	
12	-7.03423	-83.995	153.314	-179.714	179.183	72.64	-179.419	-167.247	72.402	-179.737	65.523	-95.766	178.567	-79.87	-28.362	179.485	-59.256	-71.383	-79.673	147.886	-178.941	-66.116	-179.967	-85.148	60.833	
13	-6.82631	175.533	-8.418	176.047	62.199	-84.992	-166.639	81.673	-143.211	179.869	65.964	-98.264	177.137	-86.35	-27.064	179.813	-58.286	107.144	-74.836	128.87	-178.608	-172.731	177.177	179.513	179.947	
14	-6.7177	-84.185	153.387	-179.316	-179.702	72.879	-179.484	-166.45	71.881	179.928	63.376	-100.687	177.687	-69.169	-34.023	179.447	179.017	80.656	-73.488	131.563	-178.586	-171.338	69.715	-178.724	60.172	
15	-6.53062	-86.483	26.753	-174.965	49.5	-90.888	2.768	85.312	153.3	179.642	75.348	-75.339	-177.252	-71.975	-37.04	179.188	177.855	-120.328	-161.879	161.643	179.735	61.258	-175.035	175.511	175.892	
16	-6.52507	-84.25	150.993	178.864	177.659	-106.413	-1.371	-165.691	73.166	-177.756	66.384	-93.758	-178.509	-93.738	-15.57	-179.903	72.144	-94.933	-71.349	-43.883	176.845	-66.46	-179.619	-177.561	-58.647	
17	-6.50379	-175.043	-21.628	179.396	54.812	87.64	5.652	-130.614	54.107	178.077	67.308	-93.983	177.942	-82.518	-27.651	-178.712	-58.808	-71.939	-83.339	119.092	-177.291	-64.637	-71.711	178.202	-60.239	
18	-6.31795	-85.047	149.865	179.761	179.678	-103.423	-1.703	-169.05	46.933	174.722	77.63	-75.097	-177.767	-79.795	-7.711	174.387	68.965	-96.429	-138.483	167.279	-178.943	56.934	173.669	-87.532	-60.68	
19	-6.12481	-85.683	155.683	-179.875	174.791	-111.906	157.008	-171.259	79.329	-178.543	77.653	-72.522	177.511	-141.824	21.573	-176.586	56.831	-85.09	-79.017	-44.423	179.599	-169.179	177.82	179.539	-60.045	
20	-5.92717	-37.815	-36.115	-177.953	-177.54	-96.1	178.825	-168.132	76.852	177.732	68.885	-94.188	-179.833	-92.848	-15.394	175.133	73.867	-94.537	-73.698	132.303	-178.856	-65.375	-176.703	-177.078	-57.296	
21	-5.88616	82.113	-31.524	-178.625	-173.658	-87.673	177.859	83.964	46.401	178.579	175.228	-75.078	176.912	-69.494	-30.518	-179.76	177.232	-115.889	-162.771	168.367	179.53	59.662	-175.204	177.075	-60.914	
22	-5.86275	-37.29	-39.397	-177.754	-175.719	-88.458	-0.685	-75.238	77.331	-176.529	133.719	-42.809	175.981	-75.366	-24.442	172.65	-179.735	-121.892	-133.084	164.268	-179.534	-62.406	-170.574	-175.007	-56.407	
23	-5.58484	69.568	11.415	-176.617	-169.705	68.847	-5.011	-63.41	-28.384	179.12	-62.82	-25.82	-178.87	-113.136	19.417	-178.071	-53.772	-79.599	-160.821	101.195	-178.94	-170.967	71.274	-179.4	60.057	
24	-5.54609	-167.697	-25.357	-174.836	55.677	-90.045	1.304	-86.258	64.372	-179.375	63.225	-101.523	177.253	-75.848	-32.392	-179.778	-179.599	-99.57	-75.044	132.527	-179.157	-173.122	-93.724	179.303	-59.688	
25	-5.49503	-37.697	-40.019	-178.265	-175.034	-95.125	-0.155	-64.297	107.292	-178.141	75.863	39.974	-179.426	-155.564	-49.385	175.277	173.48	-122.704	-135.937	-5.773	177.848	-78.366	179.644	174.495	-62.455	
26	-5.27898	-84.065	145.545	176.2	174.889	-100.542	151.336	-160.07	77.372	-169.701	83.38	-55.277	172.558	-136.51	176.413	172.883	64.534	-86.666	-152.744	133.141	179.893	-169.222	70.447	179.233	-60.158	
27	-5.26561	-168.763	-32.286	-179.879	175.752	-107.991	1.062	78.079	-74.27	-179.288	64.609	-99.09	176.342	-74.157	-33.368	-177.38	179.03	-100.933	-86.417	133.157	-178.505	-64.147	-178.287	-179.38	60.048	
28	-5.1759	-37.794	-42.297	-174.498	-176.696	-87.085	2.753	-71.77	90.971	-178.874	149.904	-61.309	171.433	-70.213	-30.906	173.302	177.662	-119.822	-134.767	175.409	-179.545	-70.938	177.991	82.509	-62.499	
29	-5.14307	-83.954	156.233	-179.533	-166.398	86.186	-155.868	-166.045	84.88	-177.963	77.768	-65.624	170.728	-123.367	-48.536	175.639	-61.023	98.337	-137.489	-37.387	179.141	-66.216	-174.282	-179.493	-59.948	
30	-5.01792	-89.045	158.385	175.598	-175.142	78.385	1.128	65.164	-100.138	178.294	-67.986	-25.754	175.963	-119.134	45.729	176.52	-54.487	99.213	-71.809	-46.688	179.107	-169.276	71.44	179.549	-179.939	
31	-4.90993	-38.794	-35.697	-178.32	-53.477	123.24	-179.898	-152.742	40.852	172.432	77.466	-75.33	-177.26	-77.649	-8.375	173.305	69.222	-96.691	-137.505	153.436	-175.972	56.294	175.187	-178.503	-179.624	
32	-4.85389	-86.492	161.264	-177.401	-64.635	-82.163	179.613	171.164	77.967	176.503	66.272	-97.416	178.077	-70.391	-28.068	177.473	72.265	-94.743	-81.756	132.934	-178.755	-172.599	179.569	177.424	-60.172	
33	-4.79226	88.295	-29.344	178.972	-177.31	-122.062	4.936	88.577	24.581	170.383	67.009	-93.808	-178.745	-76.627	-26.637	-177.827	71.662	84.396	-74.131	133.198	-178.493	-171.612	176.153	179.706	-60.037	
34	-4.78934	56.689	151.534	179.992	-178.71	-98.764	-177.372	75.76	33.214	-176.188	161.906	-53.718	173.002	-72.987	-35.094	177.5	176.127	-121.311	-162.419	173.04	-179.962	59.472	-176.67	178.976	-60.466	
35	-4.77709	-166.013	-26.824	169.897	-168.538	57.639	-3.627	66.139	42.728	-178.295	78.895	-62.551	168.359	-147.709	132.503	-178.4	177.264	-105.112	-78.71	129.154	-178.689	-167.893	72.026	-179.242	-59.878	
36	-4.76464	-160.247	-33.871	176.643	-61.773	-79.281	-179.847	-161.093	63.262	177.374	66.541	-94.095	177.165	-76.611	-29.718	177.093	-60.212	108.883	-75.076	-43.567	170.419	-170.135	174.657	84.788	-58.841	
37	-4.59248	-159.245	-33.753	177.317	-61.433	-87.167	-179.901	80.158	-73.287	-172.73	-66.33	-44.335	-176.705	-68.823	-41.419	176.252	175.525	-128.919	-165.006	-18.334	179.557	60.24	-175.559	178.224	-63.561	
38	-4.57638	-37.477	-35.513	-178.831	-174.654	-90.844	1.034	-171.904	67.021	178.242	69.128	-90.452	-177.606	-92.463	-15.974	-179.32	71.886	-95.074	-70.464	-39.078	176.508	-67.033	-179.52	-177.308	-58.821	
39	-4.52019	-174.381	-23.218	179.871	64.014	-85.246	176.789	77.808	-73.968	179.431	-153.963	128.06	-178.908	-76.894	76.23	179.226	-62.243	118.09	-69.497	131.114	-179.02	-172.146	175.753	179.904	179.993	
40	-4.51772	53.679	10.997	-169.164	66.385	91.378	172.93	80.026	-151.843	177.105	65.342	-94.632	176.326	-69.572	-31.399	177.515	179.986	-97.499	-85.942	132.947	-178.424	-71.6	89.582	177.325	-60.865	
41	-4.37164	-161.588	-35.537	179.21	-66.737	-82.209	-0.15	79.892	-72.583	-177.08	-139.217	38.742	175.77	-144.797	61.959	-179.77	-63.653	-72.58	-159.879	165.345	179.995	52.483	173.94	172.014	-61.257	
42	-4.30158	-83.778	152.078	177.636	-62.209	114.659	179.808	-178.275	141.478	177.132	76.933	-76.082	-177.076	-76.744	-16.037	174.526	68.709	-96.2	-152.681	143.47	179.886	179.484	169.663	170.177	178.769	
43	-4.2632	-91.946	40.154	-171.208	-59.259	-76.552	179.862	-59.778	-35.983	-175.289	-70.654	-31.811	-171.257	-89.778	-35.774	-176.85	-63.099	100.301	-160.062	-12.298	179.724	55.767	178.13	177.228	178.046	
44	-4.24992	52.886	14.462	-176.47	58.73	89.505	-156.799	75.951	-166.193	177.6	65.911	-105.691	-179.075	-97.434	-11.461	-176.229	-177.806	-108.36	50.684	-147.1	178.458	-54.26	100.786	-179.39	-55.812	
45	-4.06209	86.948	-34.093	179.427	-178.907	69.095	-178.932	70.393	-153.522	177.762	64.759	-99.659	179.527	-86.447	-27.917	-175.988	-58.267	-70.966	-89.874	130.871	-178.747	-63.452	-176.781	-172.866	61.128	
46	-4.05326	-93.173	150.461	-175.272	55.933	-89.334	-178.612	-81.243	74.413	167.297	71.359	-86.398	-172.008	-88.011	-14.437	-178.354	-57.472	-73.697	-69.323	142.177	-178.493	-68.058	178.974	-176.686	-59.562	
47	-4.05031	-95.045	173.246	177.795	62.558	87.807	13.702	-152.216	-174.106	-178.387	79.007	-72.567	177.423	-89.259	156.375	-175.499	71.211	-95.328	-91.311	-48.13	179.29	-64.746	-178.589	-179.72	-60.041	
48	-3.95436	-65.161	156.118	175.503	-179.464	76.266	1.47	55.862	-124.491	175.865	-110.455	12.972	-178.117	-89.335	-35.347	174.92	-49.392	120.954	-156.131	-44.685	176.509	-168.729	70.988	-178.875	-179.838	
49	-3.9334	-86.742	155.15	178.951	177.629	68.954	-179.886	-172.437	75.072	-175.563	74.56	-74.072	175.584	-96.184	-44.978	-177.305	-59.564	102.937	-166.387	-14.75	-179.31	57.547	-179.069	179.074	-60.073	
50	-3.70833	-88.246	104.126	172.939	169.481	42.293	-0.803	56.884	-136.474	173.227	-101.789	10.739	-177.59	-88.747	-30.366	175.563	-54.286	103.729	-150.335	136.143	-179.609	-168.167	70.953	-179.09	-179.886	
51	-3.48644	-92.937	161.874	173.132	57.968	83.758	6.637	-146.576	30.441	178.144	-95.616	-13.956	-176.116	-160.362	175.275	179.051	61.606	-83.519	-88.65	-67.041	179.692	-66.036	-72.012	178.481	-60.235	
52	-3.43507	-78.067	126.678	-178.058	-179.57	-101.376	24.716	-123.199	15.606	-174.572	-86.023	62.274	178.637	-101.722	-6.953	-175.025	-56.063	117.856	-100.082	136.927	-179.099	-65.433	89.906	-173.847	60.504	
53	-3.09627	-39.592	-38.162	179.173	-54.464	114.411	-179.8	-147.63	37.047	173.928	79.368	-75.175	-175.326	-71.257	-16.253	171.007	67.222	-97.96	-137.424	136.617	-178.29	-173.313	176.23	178.169	-60.146	
54	-3.03121	-93.889	147.41	-171.478	62.219	95.29	-179.557	-90.19	63.198	179.934	80.422	-69.75	-176.341	-147.413	45.604	174.164	-58.358	-78.91	-160.734	-16.809	176.373	56.962	178.938	-179.984	-59.796	
55	-2.91318	-161.804	-33.441	176.36	-61.505	-67.939	0.175	78.818	-77.222	-169.375	-68.799	-23.966	-178.156	-75.741	-16.869	-174.569	-178.712	-106.261	-151.727	41.057	-177.956	51.859	173.67	-179.181	-61.46	
56	-2.80206	-163.422	-35.369	-174.146	-62.594	-75.688	-0.415	73.677	-79.564	177.21	-83.427	65.393	-175.46	-77.163	-30.336	-178.506	-176.284	-113.259	-162.531	-10.179	179.961	58.575	-176.999	177.041	-60.416	
57	-2.6649	-84.417	146.936	-176.735	-69.982	-96.596	177.791	145.808	81.094	175.327	84.008	-63.794	-179.538	-65.745	-26.398	175.297	-61.069	-69.543	-148.942	141.981	-178.932	-169.4	179.49	-177.134	61.31	
58	-2.58747	78.453	-43.299	173.419	176.704	-132.366	16.863	79.786	26.158	172.288	62.871	-98.588	-177.48	-69.79	-26.549	-178.621	70.582	84.369	-72.775	146.088	179.507	-170.971	174.161	179.742	-60.022	
59	-2.58053	65.311	29.312	-176.298	-57.414	-69.563	-0.044	141.79	-27.494	-178.563	97.597	-55.73	162.468	-62.469	-21.01	167.356	64.728	82.618	-126.144	138.138	-178.479	-170.971	-179.186	175.719	-60.602	
60	-2.559	-83.18	157.779	-176.132	-63.267	108.149	1.33	-83.269	72.746	175.822	89.149	-68.459	176.598	-57.274	155.857	-169.027	64.838	-97.06	46.813	57.11	-176.384	-68.639	169.189	77.48	55.368	
61	-2.53791	-82.334	150.988	176.511	-63.889	100.673	179.06	-82.26	67.064	-173.408	88.259	-55.956	176.715	-152.104	-50.954	175.549	172.38	75.961	-58.018	150.694	-179.095	69.543	-167.528	178.88	59.492	
62	-2.39939	-94.433	165.086	178.396	58.554	85.003	-1.933	-174.606	167.135	176.407	75.669	-78.469	-177.766	-74.955	-22.647	174.845	-179.329	-120.032	-131.216	159.881	-179.088	-68.544	-177.204	-178.474	-58.147	
63	-2.25011	67.324	59.533	172.001	-63.606	103.116	0.632	69.694	15.208	179.348	70.138	18.895	178.071	-93.788	-28.295	177.264	-53.699	134.861	-161.861	2.567	177.741	59.589	-178.009	-176.856	-178.396	
64	-2.1671	-73.82	50.173	-177.347	-52.532	98.532	179.724	80.193	46.724	-178.075	161.17	-63.699	174.009	-70.326	-28.936	-178.824	174.083	71.869	-160.487	140.856	179.794	-167.757	70.755	-178.987	-179.863	
65	-2.10447	-88.692	166.591	173.989	-65.396	104.8	-179.678	-157.341	136.861	-175.935	77.912	-65.287	173.651	-54.819	-41.66	-179.906	169.601	-106.348	-158.718	144.931	179.514	-173.548	174.429	179.176	179.888	
66	-2.09887	-79.5	134.895	175.663	170.063	-118.62	-0.077	56.373	33.877	179.727	77.444	-74.516	-166.543	-89.148	-30.534	-169.899	-56.607	105.301	-88.261	179.579	-179.79	-60.811	-177.225	-79.371	-174.122	
67	-2.09826	-57.303	70.863	179.707	-58.394	-70.713	177.103	73.141	45.614	179.497	76.64	42.749	178.159	-151.309	146.738	-175.788	178.817	68.863	-69.682	-48.778	178.87	-171.409	69.827	-178.642	-179.79	
68	-2.08165	-157.694	152.917	-173.886	53.582	87.727	-1.44	-86.321	72.132	175.324	80.625	-67.741	-179.185	-77.602	156.577	178.785	-58.563	-71.552	52.774	57.474	178.762	-59.766	-179.472	-83.392	62.193	
69	-1.95814	-175.09	-23.465	-177.297	-177.415	-96.166	178.305	81.947	41.815	178.235	-176.472	-63.34	179.779	-164.359	-56.612	-174.669	164.76	-118.551	-161.075	146.227	177.091	-166.369	178.631	-81.086	-55.296	
70	-1.95577	-92.545	165.388	-177.047	64.296	92.022	-1.497	142.684	-69.668	169.793	-76.178	-15.136	174.312	-143.131	163.786	-177.846	63.762	-85.436	-78.285	-62.531	179.408	-67.742	-72.642	178.44	-60.231	
71	-1.86515	-83.756	156.795	176.931	-62.885	93.232	179.799	-82.718	61.736	-166.715	78.849	-73.761	-178.759	-149.716	52.73	174.077	-60.224	-78.73	-159.514	-21.649	176.053	59.522	-178.041	-178.31	58.368	
72	-1.84591	74.886	2.946	-177.942	-173.11	69.78	-178.886	-141.68	177.732	-178.733	68.26	-96.36	175.056	-86.039	-29.004	-178.438	-58.38	-72.606	-95.916	175.508	178.71	-63.565	-178.822	-179.228	60.071	
73	-1.60749	-87.083	44.409	179.148	-57.415	100.782	179.876	-139.561	38.927	175.851	79.379	-72.224	-175.551	-104.285	18.297	-177.493	-53.845	-77.776	-160.856	164.96	-179.869	61.219	-170.918	86.517	59.807	
74	-1.57857	-89.467	36.648	-176.844	-56.704	-78.521	-0.434	64.208	37.95	-177.705	70.013	-89.293	-178.751	-90.823	-36.713	-178.424	178.821	57.96	-164.162	156.028	-178.703	62.064	-173.243	178.743	179.986	
75	-1.51346	66.603	61.662	-179.423	-59.5	-72.978	0.085	91.06	27.4	169.98	82.502	-72.806	-174.895	-59.733	-45.394	177.197	175.901	79.072	-89.344	136.07	-178.654	-174.543	178.03	176.038	-60.611	
76	-1.44695	72.748	12.349	179.058	-58.91	-80.186	-178.622	76.939	50.461	177.406	71.313	51.165	-177.835	-155.917	161.462	-179.902	-177.288	-112.133	-57.898	-50.405	178.519	-172.943	69.118	-178.572	-179.793	
77	-1.40688	70.734	-4.741	-175.973	63.433	81.812	179.967	-164.769	44.669	173.613	63.919	-94.307	-177.237	-80.275	-21.542	178.177	-179.499	-106.285	53.823	43.974	-178.424	-59.814	178.488	-85.337	-60.239	
78	-1.21591	88.271	-23.527	-175.938	-174.723	-91.662	178.828	74.763	45.884	179.226	-174.538	-63.386	175.896	-77.99	-35.122	177.487	-55.648	123.945	-76.155	127.799	-178.568	-170.463	-178.216	-80.347	65.361	
79	-1.09768	52.587	16.068	-177.802	58.227	89.558	15.523	77.088	-170.667	-177.984	64.79	-106.783	176.747	-90.296	-21.954	-178.174	-56.719	-74.056	56.359	-155.985	178.981	-147.958	-179.348	-178.714	60.006	
80	-0.985037	-96.9	146.419	176.139	-59.493	98.616	179.803	69.855	24.444	174.944	101.554	-20.743	-175.068	-70.307	-32.538	-178.285	178.317	-104.945	-158.087	-40.344	179.931	-169.037	178.105	-82.146	63.613	
81	-0.548191	-88.445	33.726	-178.77	-65.449	114.918	-179.689	-64.694	102.807	-179.808	69.149	26.572	167.092	-89.143	-24.331	-175.028	-175.923	85.308	-86.682	157.168	-178.918	-62.041	-69.89	174.763	57.366	
82	-0.514286	-113.911	94.962	175.165	-58.721	107.402	-179.652	65.253	-101.13	-178.53	-76.267	-27.208	-178.836	-81.261	-17.217	-179.376	-178.914	-101.177	-65.571	129.141	-178.649	-170.743	-93.944	-83.206	179.944	
83	0.294371	-95.233	155.374	-172.789	51.775	-89.143	179.246	-80.126	-26.061	-175.355	149.919	-28.88	-177.818	-55.817	-30.637	178.963	71.293	-93.615	-78.543	122.686	-178.475	-166.871	-177.678	-80.5	-175.237	
84	0.34814	-85.482	151.731	175.715	172.596	-106.617	3.1	-74.47	81.373	178.293	-56.715	109.705	-175.707	48.815	44.709	-179.991	-165.466	65.229	-151.559	-40.716	179.062	-171.554	175.829	179.709	179.98	
85	0.63905	-104.37	174.91	173.659	67.069	96.017	-1.261	93.023	13.298	173.338	88.602	-58.291	177.235	-60.326	-29.377	169.884	-62.219	110.75	-129.377	170.123	-179.047	-65.034	-176.202	84.154	178.011	
86	1.0996	-82.312	154.422	179.889	-59.396	100.626	-0.533	-58.495	-37.747	175.494	-79.699	72.318	177.712	-70.912	-29.204	-178.237	-65.668	107.305	-91.354	133.887	-178.634	-65.372	93.737	-174.679	60.716	
87	1.18252	64.757	1.475	-175.377	60.27	82.591	179.264	-171.094	51.372	171.431	68.874	-87.373	-176.876	-95.391	-11.671	-177.048	-177.287	-106.425	52.562	-145.363	179.036	-55.934	101.557	-176.935	-58.646	
88	1.22576	-161.989	-33.187	177.613	-64.023	101.66	-0.338	174.349	162.233	-177.775	-82.447	66.099	-178.954	-85.142	-31.552	177.16	-57.508	115.168	51.419	44.655	-178.288	-59.067	-178.677	-84.239	61.193	
89	2.26623	-156.619	-33.519	176.745	-51.176	-69.359	178.854	-162.553	-139.353	177.557	-59.408	128.147	-174.355	47.179	50.203	-178	-52	104.476	55.135	-100.726	177.188	-167.275	74.323	-177.727	60.36	
90	2.64767	-84.225	159.184	-178.16	-60.357	-80.614	0.48	162.586	-38.241	-172.599	-61.013	-28.13	-178.082	-63.325	-27.275	-177.835	72.508	-96.237	-77.679	126.145	-178.601	-167.231	72.004	-179.205	-59.896	
91	2.6621	-171.46	-26.275	175.532	174.532	-124.535	178.4	77.275	23.078	178.044	-106.5	33.784	179.609	-166.461	-40.122	171.894	56.855	-85.6	-155.578	138.259	-179.942	-170.284	176.782	-84.212	-58.335	
92	4.01238	-87.975	162.535	-179.143	-66.736	102.802	179.895	-168.211	93.186	-174.122	80.074	-62.631	172.521	-150.524	-54.657	179.012	169.658	73.14	52.937	-102.251	177.996	-166.367	-175.301	-80.039	63.647	
93	4.04535	-37.988	-31.662	-178.819	-57.311	108.135	-179.81	171.235	64.083	176.675	63.637	-101.521	-179.578	-70.293	-28.673	178.615	-179.887	79.706	-62.879	-49.062	4.027	-170.398	-177.856	-82.131	63.367	
94	10.1919	74.681	8.52	179.621	-54.498	-74.287	178.215	163.667	-55.508	-178.627	-76.726	79.974	176.33	76.28	-53.614	170.517	-149.553	91.544	-58.098	-41.92	176.14	-174.116	179.963	172.631	178.198	
95	10.3312	60.041	5.05	-174.874	56.835	83.46	-2.776	60.088	-98.904	173.947	-146.499	31.968	-178.184	55.634	-173.982	174.66	-45.148	-68.604	55.078	64.778	-1.035	-162.316	74.076	85.304	-60.733	
96	11.656	-134.095	59.883	36.009	-170.256	-117.391	33.81	60.509	56.077	-169.697	93.192	66.983	-172.108	-64.809	-33.282	177.27	-69.144	-78.614	53.882	69.291	-179.127	-163.883	179.602	179.802	-60.008	
97	12.3705	82.708	-7.066	174.199	-58.358	106.957	0.05	-58.971	-84.423	16.628	162.069	-50.77	-179.893	-139.191	35.878	-172.852	-51.601	97.446	-159.956	165.563	179.813	57.692	-176.763	174.084	178.889	
98	44551.6	177.597	-16.253	171.919	39.713	80.481	69.248	89.698	100.879	-29.422	-158.025	49.747	161.998	-54.199	-120.681	-60.598	-123.857	-172.24	161.73	154.974	-179.288	-46.11	124.916	177.153	-117.822	
99	71606.4	-133.451	-10.796	-91.454	6.909	-77.109	2.701	-125.268	-162.12	100.545	-105.285	-54.966	118.796	37.19	142.04	176.578	150.921	-57.837	175.307	158.543	-178.966	-114.822	-72.392	-178.292	-66.969	
100	86151.5	-79.732	-142.999	96.033	-168.208	3.66	-99.158	-158.588	93.051	-110.753	44.42	127.195	97.569	55.7	-121.784	-83.141	-74.092	1.141	128.255	-137.987	-179.748	-77.617	144.555	-176.568	-58.947	
