1	-7.91714	-75.786	107.651	-173.281	178.176	-103.127	36.212	-93.417	66.554	169.973	80.176	-70.371	-177.87	-89.139	-38.119	-172.554	178.032	-111.085	-158.527	148.882	175.684	-171.599	172.385	179.986	179.99	
2	-6.71767	-84.155	153.394	-179.338	-179.682	72.974	-179.286	-166.491	71.98	179.945	63.352	-100.712	177.703	-69.156	-34.028	179.464	179.026	80.637	-73.464	131.581	-178.585	-171.361	69.681	-178.746	60.145	
3	-5.90989	-37.81	-35.934	-177.998	-177.418	-95.533	1.393	-168.514	76.908	177.746	68.856	-94.227	-179.79	-92.752	-15.404	175.173	73.844	-94.556	-73.664	132.296	-178.871	-65.4	-176.754	-177.071	-57.307	
4	-4.90993	-38.794	-35.697	-178.32	-53.477	123.24	-179.898	-152.742	40.852	172.432	77.466	-75.33	-177.26	-77.649	-8.375	173.305	69.222	-96.691	-137.505	153.436	-175.972	56.294	175.187	-178.503	-179.624	
5	-4.78047	56.597	151.458	179.855	-178.578	-98.58	-177.449	74.635	34.343	-175.43	161.424	-53.891	173.084	-73.817	-34.936	177.783	176.159	-121.289	-162.489	172.218	-179.961	59.432	-176.701	178.877	59.537	
6	-4.30158	-83.778	152.078	177.636	-62.209	114.659	179.808	-178.275	141.478	177.132	76.933	-76.082	-177.076	-76.744	-16.037	174.526	68.709	-96.2	-152.681	143.47	179.886	179.484	169.663	170.177	178.769	
7	-4.24992	52.886	14.462	-176.47	58.73	89.505	-156.799	75.951	-166.193	177.6	65.911	-105.691	-179.075	-97.434	-11.461	-176.229	-177.806	-108.36	50.684	-147.1	178.458	-54.26	100.786	-179.39	-55.812	
8	-3.40653	-94.627	172.957	178.068	62.12	87.689	14.061	-151.562	-174.282	-177.813	78.123	-74.479	176.739	-86.94	155.926	-175.256	72.46	-95.25	-94.587	-46.499	179.202	-63.063	-70.211	176.15	-60.613	
9	-3.3599	-71.313	94.988	176.845	171.621	-121.294	1.27	79.076	16.332	179.909	88.704	18.471	174.162	-156.516	167.553	-178.763	56.532	-91.706	-75.437	112.334	-178.035	-68.464	-72.677	-85.387	-59.212	
10	-2.27834	65.743	56.037	173.153	-59.798	-74.677	-0.111	99.778	2.653	173.605	91.533	-57.028	176.249	-59.781	-22.649	168.698	66.217	82.441	-129.51	145.78	-179.275	-176.931	174.67	175.753	-60.567	
11	-1.44695	72.748	12.349	179.058	-58.91	-80.186	-178.622	76.939	50.461	177.406	71.313	51.165	-177.835	-155.917	161.462	-179.902	-177.288	-112.133	-57.898	-50.405	178.519	-172.943	69.118	-178.572	-179.793	
12	-1.08123	-169.933	-27.599	174.625	176.242	-124.76	1.357	77.655	19.537	-179.291	-112.724	18.495	175.767	-141.547	20.628	-173.117	57.378	-86.699	-165.682	165.111	-179.892	54.391	176.376	-85.449	-59.128	
13	-0.981917	56.326	154.294	176.802	-176.741	90.44	1.578	101.184	56.644	171.915	66.649	-98.563	-179.273	-76.042	-29.731	-178.28	-171.237	-96.487	-86.528	160.792	-179.396	-64.615	-70.637	177.465	59.93	
14	-0.821769	58.955	157.322	-177.798	-70.952	100.231	-0.487	81.099	76.022	-174.425	103.047	-47.956	175.731	-75.898	-33.049	179.688	-56.946	109.991	-161.223	140.34	179.577	-171.829	68.594	-178.835	-179.767	
15	-0.358618	84.979	-24.928	-177.657	-176.889	-95.335	1.95	-178.798	73.462	177.92	69.678	-89.316	-179.352	-95.912	-13.944	178.508	72.042	-94.204	-77.402	148.169	11.607	-64.944	178.071	81.825	56.616	
16	-0.31592	-159.108	138.524	-178.741	-65.249	97.725	-0.31	-80.9	67.658	170.474	73.421	20.338	177.774	-94.782	-35.085	174.847	-52.027	-53.393	-62.984	-22.754	178.205	69.282	-168.937	172.094	178.587	
17	-0.178985	-108.304	175.673	-177.316	77.033	-74.853	0.795	-75.845	75.192	179.435	-84.135	74.387	173.164	-155.564	150.966	-177.354	59.474	-91.064	47.808	-113.875	177.505	-63.639	179.102	-177.878	-179.712	
18	0.382807	-96.082	167.591	176.661	66.48	-86.804	1.139	-158.844	-99.859	-179.77	66.514	-93.057	177.487	-85.857	-25.59	-178.152	-56.869	108.458	-93.01	147.013	-179.312	-64.089	94.911	-176.047	-59.548	
19	0.63905	-104.37	174.91	173.659	67.069	96.017	-1.261	93.023	13.298	173.338	88.602	-58.291	177.235	-60.326	-29.377	169.884	-62.219	110.75	-129.377	170.123	-179.047	-65.034	-176.202	84.154	178.011	
20	0.870429	44.492	167.641	-179.643	64.117	-91.321	178.601	-173.027	68.805	178.714	67.103	-93.011	175.904	-73.241	-33.351	-178.989	178.693	-98.822	-82.379	154.89	4.363	-65.295	-71.174	-179.22	-179.327	
21	0.941006	-79.158	143.657	179.675	-56.079	101.416	-0.903	59.128	48.031	-178.778	78.355	-73.628	179.292	-151.578	37.159	-179.9	-168.839	63.709	50.243	43.614	-178.316	-56.478	-174.013	86.992	59.98	
22	0.981577	-87.811	163.978	-176.628	-62.7	-78.575	179.512	174.222	83.25	174.095	66.924	-96.045	179.316	-74.061	-30.095	175.893	-60.731	-70.646	-76.813	116.28	-33.237	-173.189	-177.981	175.627	59.506	
23	1.08974	-38.578	-42.92	-177.012	-177.404	-88.782	0.239	173.777	65.739	-179.338	81.431	-70.77	179.784	-156.273	153.165	173.914	176.054	-102.481	-129.819	141.074	-179.348	-71.396	-72.141	-86.103	-58.244	
24	1.41092	-158.163	-37.193	-175.304	-56.547	-85.264	179.789	146.627	-126.645	172.834	-76.454	68.402	-172.335	-87.744	157.701	176.226	-171.978	76.235	-151.325	134.819	-179.902	-169.215	70.532	-178.849	60.141	
25	1.55414	-158.639	145.468	-178.781	178.749	79.932	0.788	71.963	-79.235	178.357	172.323	50.222	-176.063	-150.594	-56.72	-177.636	-66.126	104.624	-163.401	-52.539	-178.775	-171.255	70.235	-178.793	-179.866	
26	2.0993	-164.912	-31.911	-178.068	-63.935	102.139	0.01	145.746	-43.694	-179.149	-158.964	93.3	-178.476	-147.246	28.664	-178.602	60.778	102.227	-137.197	146.322	-179.686	-78.548	-72.983	173.357	175.072	
27	2.26749	-156.418	-33.582	176.805	-51.155	-69.204	178.851	-162.666	-139.094	177.558	-59.615	128.331	-174.43	47.178	50.368	-177.656	-52.046	104.529	54.793	-100.644	177.155	-167.371	74.298	-177.771	60.264	
28	2.28294	-44.29	-27.63	-178.685	71.001	-95.695	-1.35	-84.012	-26.354	-175.161	150.041	-42.282	173.9	-59.756	-27.201	164.507	71.104	-91.466	-131.837	-27.425	177.18	-85.133	-74.492	177.87	-60.327	
29	2.58628	-94.269	158.077	178.501	66.39	93.346	-178.313	176.737	-72.595	178.794	-61.809	109.092	-167.705	44.991	48.863	-174.235	-167.298	64.644	50.208	-107.698	177.048	-62.593	-177.498	-179.958	59.997	
30	2.64384	-169.055	-31.734	179.341	175.518	-111.429	0.378	79.229	-70.534	177.907	63.582	-102.626	-178.68	-74.436	-27.715	-179.023	-179.708	80.867	-65.922	-54.394	14.521	-170.504	179.131	-83.565	62.222	
31	2.94835	-156.835	-39.318	-175.181	-58.936	90.67	-179.959	148.094	72.713	-174.632	80.824	-66.03	171.972	55.175	40.169	-175.892	-159.206	66.349	-79.192	-34.391	178.987	-64.264	-69.862	175.099	179.395	
32	4.04535	-37.988	-31.662	-178.819	-57.311	108.135	-179.81	171.235	64.083	176.675	63.637	-101.521	-179.578	-70.293	-28.673	178.615	-179.887	79.706	-62.879	-49.062	4.027	-170.398	-177.856	-82.131	63.367	
33	4.22654	72.342	15.577	177.768	-57.985	110.57	179.894	-85.961	-43.968	-177.192	-69.276	121.352	171.982	53.929	32.454	-179.744	-163.939	66.295	-161.861	-37.44	-177.742	172.939	155.364	168.97	179.53	
34	4.26999	-90.497	38.721	-178.009	-57.057	-78.775	179.789	69.578	39.515	-178.867	-78.485	73.684	178.815	-92.049	-30.445	-172.731	-54.329	117.258	46.095	48.967	-178.446	-61.572	95.104	-175.148	60.465	
35	4.76207	73.864	-0.818	-177.163	-55.295	101.768	179.295	-176.782	65.932	-172.525	79.728	45.189	-178.047	-160.927	-51.621	175.778	168.863	63.393	58.571	-146.988	178.806	-150.026	-174.127	-81.215	63.702	
36	5.03033	-91.82	43.576	-179.942	-59.738	100.579	-179.966	-165.255	166.607	-179.499	73.591	-76.927	-179.205	-76.456	-29.862	177.962	-59.411	108.457	-66.62	-53.179	10.509	-172.855	176.675	-178.932	-179.864	
37	5.12391	-162.289	-33.004	177.655	-63.954	101.92	-179.768	174.443	162.869	-177.649	-82.467	65.705	-179.046	-85.201	-30.787	177.094	-57.615	115.007	51.074	60.691	2.441	-60.799	-179.559	-84.527	60.89	
38	6.17765	-36.542	-35.778	179.018	-175.539	-96.06	179.51	-171.436	69.271	-179.183	81.539	-65.122	176.487	-142.741	-52.647	176.182	-65.436	-80.114	-68.871	-42.189	-15.772	-173.964	174.722	179.597	-60.021	
39	6.18846	-174.908	-23.581	-178.408	61.822	92.617	1.289	-79.51	72.83	-179.985	-75.712	73.502	-178.398	-164.657	-52.979	-178.784	168.416	74.857	-75.495	130.106	19.77	-169.451	69.7	-178.306	60.202	
40	6.33305	73.23	9.918	-179.712	-58.594	105.394	-179.745	-179.717	173.241	-179.532	78.021	-71.597	178.496	-76.7	125.402	174.57	177.705	78.254	-84.621	139.75	-178.891	-68.857	94.226	83.748	-59.599	
41	6.64583	-164.066	-31.525	-179.232	-63.269	-77.518	0.47	-81.894	67.648	-179.87	171.159	165.154	-179.639	50.871	40.768	-179.809	-164.598	-114.394	-164.01	165.701	179.52	62.811	96.365	177.95	178.112	
42	6.86339	-81.432	109.317	-171.003	-59.738	115.644	-0.911	66.448	87.303	-171.491	55.502	-95.679	-173.678	-139.342	50.454	-173.188	-171.366	62.196	45.638	50.457	-178.812	-57.235	-172.476	-74.846	70.048	
43	6.98759	54.925	-56.971	138.301	176.69	74.684	7.57	65.122	24.291	174.458	86.526	-52.455	-177.383	-58.082	-23.029	157.483	68.234	-95.768	-111.051	142.445	-174.426	-80.703	-76.746	178.2	59.772	
44	8.52367	-165.656	-49.104	-174.773	163.258	-104.622	177.408	-173.257	179.626	17.57	68.871	-151.717	175.192	-137.012	16.179	-171.298	60.618	-85.774	-167.196	117.216	-177.696	-177.612	166.626	73.193	170.984	
45	8.80754	-90.289	153.803	178.183	-75.382	-98.672	179.238	-164.184	66.339	-166.164	80.589	69.48	-171.411	55.238	-172.136	174.581	-40.071	117.687	-136.317	-27.295	179.52	-68.337	-178.291	86.351	-60.223	
46	9.73734	-85.805	26.382	-174.203	47.307	86.253	11.382	63.548	88.247	-21.421	-160.943	77.753	179.905	-141.051	172.504	176.054	-54.091	-73.232	-66.185	126.451	-177.821	-172.863	175.752	179.843	-60.025	
47	10.1876	66.796	49.903	175.141	-63.412	106.448	-179.4	-141.538	121.507	-177.024	97.595	2.866	178.285	-165.186	-38.376	168.178	56.318	95.416	63.397	-170.893	179.257	-120.777	-67.256	-84.007	62.049	
48	10.5258	-86.257	155.893	176.407	176.237	76.685	-161.395	-72.004	86.498	176.818	-69.649	-178.919	-17.666	-69	-18.165	173.506	-62.915	110.554	-141.518	-18.809	176.395	54.155	-94.375	174.426	59.309	
49	11.4424	178.653	-9.316	171.847	65.406	101.017	178.176	174.563	-96.092	27.208	-99.106	-5.779	177.545	-150.344	153.379	-178.414	179.601	80	-162.896	-9.452	179.895	57.252	-175.712	84.553	58.172	
50	11.7009	-168.31	-32.416	-176.48	176.11	-94.744	179.23	-159.505	176.607	28.336	70.041	-124.171	179.762	-57.496	-44.128	175.621	-63.568	111.013	-129.873	107.589	-177.652	-66.461	-70.101	-84.938	-178.695	
51	12.6181	-165.004	126.838	177.754	172.263	66.038	-2.782	-85.28	175.708	3.173	176.485	55.371	-178.173	-149.615	-52.909	177.699	-66.253	105.894	-155.492	-41.651	-179.913	-168.606	70.784	-178.861	-59.86	
52	12.6902	43.015	172.448	-177.389	61.438	-93.368	2.555	70.302	40.71	-173.195	64.194	40.814	-168.824	44.5	81.653	-179.039	-176.623	66.044	-52.451	-21.384	177.364	85.399	-63.901	-89.487	-178.82	
53	12.8367	-165.309	-38.537	-176.736	-178.229	89.74	171.972	145.68	162.604	39.575	85.484	-62.839	-178.501	-149.055	32.492	-179.661	56.164	100.241	-69.775	-47.221	179.539	-170.061	-92.597	178.323	-60.277	
54	13.385	-165.997	-53.268	-178.915	171.762	79.163	18.428	70.566	-81.526	-171.701	159.061	45.219	61.137	-149.01	-50.464	175.419	179.107	88.595	-73.952	126.185	-177.961	-170.963	-92.275	178.202	-60.261	
55	14.3325	-99.665	167.981	179.283	72.372	99.093	-178.553	-159.456	75.449	-173.482	150.329	63.767	47.065	-94.743	158.477	-172.204	62.25	-96.217	46.645	70.494	177.062	-69.627	174.232	-177.627	-59.633	
56	14.3445	-163.381	-31.273	179.365	-62.99	102.249	-179.442	-81.48	175.586	4.767	175.749	56.556	-179.125	-145.376	157.866	179.54	-59.675	-73.225	52.843	68.828	-179.13	-163.522	-177.48	-82.752	-177.246	
57	14.4195	74.124	6.892	-178.45	-58.575	105.134	-0.161	73.26	-152.92	179.324	179.38	-179.957	178.889	-66.323	157.111	179.763	70.156	83.847	-156.12	132.509	18.099	-168.965	68.337	83.357	177.153	
58	14.5704	-166.467	136.81	169.203	155.544	60.333	-148.064	-177.038	149.46	29.19	-106.49	-150.709	-178.598	49.087	85.721	179.438	-177.481	56.899	57.979	26.773	179.776	-53.191	-176.554	-177.597	59.933	
59	14.6474	73.814	9.404	177.775	-58.796	-74.582	-0.118	172.578	63.771	25.618	64.873	-175.437	174.166	-84.38	-29.975	-179.176	-59.055	108.019	-164.186	158.9	-177.4	59.141	-173.364	85.394	-60.619	
60	14.8631	-78.146	105.867	168.802	170.095	72.149	178.478	77.77	-75.992	-174.832	74.993	38.546	46.585	-123.225	-59.867	-173.32	168.672	63.999	-86.836	129.364	-179.95	-169.08	70.41	179.975	58.936	
61	15.1456	-84.599	157.951	-179.975	-60.39	-79.846	179.367	-78.223	73.874	179.274	-77.839	-177.092	-24.52	-63.245	-31.072	178.114	177.837	76.968	-154.945	-40.567	179.054	-173.133	-94.762	178.185	59.694	
62	15.6733	-137.163	65.711	30.989	-176.312	-121.572	-179.493	60.251	35.013	-176.8	-79.375	72.036	179.358	-70.478	-35.597	-179.834	177.6	-103.578	52.56	71.154	-178.599	-164.43	179.23	179.865	60.027	
63	15.6804	-90.797	38.212	-176.496	-57.141	101.188	-0.172	58.705	60.68	31.265	61.616	37.777	179.756	-70.542	-37.107	-179.239	179.453	79.949	-81.698	135.052	-178.59	-65.869	-179.756	83.969	58.014	
64	15.7384	-37.522	-28.493	176.16	-55.078	-68.62	179.658	178.467	-114.095	44.317	42.473	54.565	-174.126	-77.225	80.447	174.954	-61.999	108.082	61.437	-160.532	-179.357	-146.322	-179.596	-179.206	-179.86	
65	16.0354	70.839	53.871	171.933	-57.351	-60.105	0.097	63.292	47.996	-178.148	166.793	-94.282	37.355	-98.431	142.555	-176.939	73.358	87.096	51.446	-99.845	178.123	-169.102	177.414	179.812	-60.001	
66	16.1864	44.201	159.474	-178.646	62.058	-92.335	177.07	59.308	63.645	24.306	170.41	-50.231	178.511	-74.293	149.275	-178.986	-177.933	65.827	-59.671	152.554	-178.74	69.838	-164.341	-76.88	65.125	
67	16.1983	43.199	172.661	-177.964	69.398	-84.811	173.639	93.628	-160.043	-16.083	91.949	19.566	174.675	49.418	50.919	-179.26	-168.664	-116.215	47.476	63.999	-2.822	-68.561	85.026	-173.79	-58.859	
68	16.334	-37.719	-39.921	-179.166	-178.674	-99.086	178.893	174.332	-179.027	-1.467	-178.799	-55.617	176.022	58.65	-173.89	177.571	-39.554	-61.671	-161.116	166.275	-179.872	56.43	179.272	83.594	58.029	
69	16.3951	44.34	162.26	172.884	62.163	88.13	-179.234	151.43	-88.812	36.183	62.672	-170.763	-179.573	-147.663	-48.8	167.063	-65.665	101.639	-89.249	-20.182	175.439	-64.862	179.65	83.661	-62.17	
70	17.4817	73.82	9.387	179.925	-58.627	105.499	-179.923	-73.508	-30.652	-179.646	161.066	-98.899	36.365	-106.384	0.72	177.386	67.622	-92.218	-150.676	167.629	-179.73	57.734	175.617	-84.901	61.246	
71	17.6921	-161.362	131.773	34.52	-74.266	-88.937	179.554	-104.208	-3.827	-177.401	-172.84	-168.719	-178.433	47.863	50.823	-173.282	-167.757	-115.517	-76.804	138.421	-178.761	-64.953	177.838	-172.577	58.988	
72	17.8542	-163.86	-32.133	179.404	-62.984	102.358	-179.595	-73.438	-31.656	178.602	135.8	-100.009	41.192	-110.179	112.567	-176.344	-176.026	-101.611	45.717	-103.31	177.803	-80.727	74.152	179.024	-59.941	
73	18.0536	-37.677	-37.158	173.236	-176.295	-121.857	178.876	147.809	-67.948	-25.318	-172.817	42.624	-174.406	-153.44	-52.765	178.208	-65.242	-73.79	-67.836	-43.268	-12.488	-173.366	174.898	179.859	-60.02	
74	19.8683	-90.228	38.259	-178.393	-57.144	-78.722	179.975	167.944	-61.922	-26.856	-67.184	-46.756	-170.521	-104.673	8.387	179.483	-172.425	-111.574	-153.346	166.157	-8.757	53.826	-94.124	176.9	-61.02	
75	21.0134	65.435	153.383	-179.279	-62.136	-74.73	0.311	-79.159	71.04	177.888	-67.215	-69.497	-56.034	-130.211	155.72	174.95	175.551	79.652	-149.74	-41.717	179.631	-168.436	70.77	-178.793	-59.843	
76	23.7782	74.753	7.749	177.779	-58.487	-74.359	-179.855	-58.672	-62.499	-23.14	-169.022	161.822	26.682	-90.584	-31.417	178.292	-58.938	-73.056	-70.481	-45.729	179.999	-172.119	175.697	179.835	59.994	
77	24.3968	-170.947	-30.486	-170.913	68.538	94.695	-175.505	153.589	-158.728	-19.804	93.77	-175.325	-23.362	-66.447	-15.14	168.837	73.153	-93.5	-139.631	168.916	179.972	63.786	178.914	-84.166	-58.239	
78	24.4853	49.009	49.857	36.478	47.479	93.983	-0.8	58.18	41.367	-178.957	84.281	107.773	178.949	57.288	-172.806	177.32	-41.285	-63.536	54.086	-145.303	178.553	-58.704	178.221	-82.367	-56.815	
79	24.6554	-170.981	-17.949	165.948	53.654	98.534	179.007	171.183	-67.636	-29.713	-66.222	-169.722	-31.149	-71.947	-13.169	172.559	72.746	-94.004	-140.053	163.897	-178.457	62.449	176.756	-84.641	-58.514	
80	26.4313	-98.379	170.985	-45.835	61.461	-87.842	2.668	99.229	-118.615	169.656	-141.156	154.228	27.917	-95.541	-20.303	-175.193	71.229	-95.562	-69.809	127.823	-178.647	-170.885	70.566	-179.047	-179.851	
81	26.7142	-91.499	41.975	-178.996	-57.832	-79.176	179.622	-74.901	82.496	174.952	-142.314	-89.193	177.317	-135.816	86.268	-137.957	-179.668	66.236	59.194	-25.699	-174.13	108.368	-172.451	179.34	-60.112	
82	27.1946	74.011	7.896	179.907	-59.662	-74.599	179.964	151.196	-152.053	-179.815	-154.635	89.612	-45.317	-76.45	162.766	175.241	-60.82	111.302	-160.141	-40.333	-35.688	-175.647	-95.686	178.204	179.653	
83	28.0441	43.916	169.097	177.835	62.444	88.349	-1.079	159.807	-86.802	35.212	64.1	-178.289	-24.837	-63.164	152.685	-178.231	-66.158	113.697	50.665	-137.264	178.243	-56.955	-67.893	178.343	179.95	
84	28.514	-95.566	166.999	-30.012	61.048	-88.375	2.245	-167.933	161.746	25.102	-92.402	167.233	-176.224	56.823	-177.165	177.828	-40.91	116.838	-159.228	-36.208	-179.799	-166.888	175.464	-177.919	60.422	
85	28.993	68.645	12.704	-175.33	-57.759	104.849	179.847	177.575	178.268	20.602	68.287	40.196	175.53	52.329	46.893	56.218	-165.107	65.367	-162.465	144.512	-178.133	-90.733	-70.174	179.527	-59.769	
86	29.3733	-42.844	-43.025	177.828	-59.406	-76.158	0.584	67.979	83.823	-45.56	90.685	-148.574	-170.593	48.081	-86.634	-165.798	-80.768	118.836	-160.07	-39.817	179.268	-171.093	175.939	-84.552	-178.595	
87	30.3098	52.971	149.803	179.896	177.882	-101.817	-1.786	75.887	-156.64	178.449	137.721	-100.502	39.468	-107.057	135.731	-159.216	57.33	88.254	19.401	-119.262	177.775	45.308	173.457	-179.837	-60.65	
88	30.4681	-78.223	127.972	42.989	-53.627	-47.368	178.764	-110.935	13.232	172.089	-74.722	76.244	-179.784	-73.135	141.634	-176.657	-64.647	-72.988	65.842	-23.339	-179.866	116.923	-175.211	179.375	179.927	
89	31.8299	-161.984	-19.734	-63.27	172.591	64.566	-2.153	-160.149	175.496	7.187	175.14	-53.018	177.961	-73.279	137.873	-179.774	178.276	71.435	56.84	-154.181	178.869	-148.207	-178.87	-179.903	-179.977	
90	33.1516	-87.11	119.012	-51.211	50.274	96.525	2.129	-41.707	-64.276	-175.066	-121.581	34.943	174.779	-156.041	173.471	-40.477	56.64	89.357	-54.712	-15.102	-42.933	66.956	-172.153	-80.855	-176.338	
91	36.1696	82.534	-40.832	-178.964	-178.993	-99.163	178.883	-92.017	176.523	20.331	68.703	34.207	178.59	32.652	64.95	55.495	37.99	95.839	-106.079	102.131	179.045	-68.272	86.774	-177.29	60.555	
92	37.759	-152.379	135.798	27.46	54.822	-84.946	1.771	156.884	100.085	-30.272	101.896	-139.143	-178.85	-153.476	150.346	-166.187	-177.531	61.262	26.826	-133.111	178.055	53.674	175.98	178.14	179.511	
93	39.7389	47.12	33.715	49.388	51.149	90.83	-174.68	-143.092	84.655	175.76	78.024	-74.385	-177.5	-90.194	-22.275	-174.839	73.027	-93.627	17.058	-101.535	176.912	20.98	77.502	165.951	-63.296	
94	42.698	-82.11	136.02	27.662	-75.438	-81.86	-0.321	150.87	-170.678	179.216	-174.956	37.753	52.589	-138.265	129.018	40.899	51.27	94.444	-107.115	-58.405	-177.98	-170.167	70.456	-178.606	-179.817	
95	45.1281	-96.018	167.155	-29.188	61.636	91.465	-2.841	-171.389	-59.571	177.821	-81.88	160.593	60.538	25.717	-157.65	169.769	-40.607	-49.264	-153.034	137.952	179.622	-171.473	175.341	179.942	-59.998	
96	44551.6	177.597	-16.253	171.919	39.713	80.481	69.248	89.698	100.879	-29.422	-158.025	49.747	161.998	-54.199	-120.681	-60.598	-123.857	-172.24	161.73	154.974	-179.288	-46.11	124.916	177.153	-117.822	
97	70305.7	-179.762	-151.45	135.432	45.136	72.097	-160.081	-7.283	-32.704	10.423	-23.799	132.351	-81.003	-100.91	-65.72	179.455	-82.027	-57.536	59.601	-96.084	-162.664	-155.119	78.149	-118.955	-58.806	
98	71606.4	-133.451	-10.796	-91.454	6.909	-77.109	2.701	-125.268	-162.12	100.545	-105.285	-54.966	118.796	37.19	142.04	176.578	150.921	-57.837	175.307	158.543	-178.966	-114.822	-72.392	-178.292	-66.969	
99	86200.4	-81.657	-131.668	89.008	-176.66	2.496	-98.905	-161.957	88.325	-107.22	46.636	125.155	98.096	55.89	-121.879	-83.297	-73.985	-178.759	128.772	-131.999	-166.304	-80.221	127.1	83.555	-69.86	
100	136977	83.16	160.281	111.418	50.043	-148.797	-1.07	102.943	-170.89	16.83	34.422	23.23	-163.924	69.744	158.313	-44.762	143.353	53.273	-99.129	12.434	-177.768	131.064	-67.749	-88.064	178.702	
