1	-11.7072	-83.468	155.816	-177.17	-173.2	79.374	-166.344	-154.336	86.016	168.501	82.928	-75.136	-169.977	-136.842	19.118	-174.114	58.851	-85.471	-163.456	160.958	-179.79	52.873	175.321	-179.876	-178.615	
2	-10.9639	-78.949	142.955	-167.844	-164.965	75.815	-159.655	-90.117	60.046	178.412	67.339	-89.208	175.447	-94.442	-31.351	-171.367	179.519	-101.278	-88.733	145.065	178.968	-63.868	-178.345	-179.442	-59.949	
3	-10.8579	-78.963	141.141	-168.576	-168.314	70.451	177.519	-90.073	61.024	174.511	74.689	-77.176	-173.702	-127.482	13.663	-175.503	60.431	-87.65	-158.848	168.388	-179.349	53.187	173.775	-179.404	-58.594	
4	-10.2998	68.148	16.704	178.341	-170.238	64.602	-173.099	57.586	37.18	-179.443	81.547	-70.13	-172.962	-141.158	18.176	-168.089	57.731	93.919	-103.625	108.255	-179.522	-66.3	176.206	-174.339	-58.46	
5	-10.2817	-84.074	152.346	-179.093	179.361	-112.601	146.491	-159.255	69.111	177.464	66.246	-94.646	176.772	-77.75	-32.754	-177.107	178.974	80.224	-79.024	141.973	-178.848	-65.421	-179.208	-179.319	-59.935	
6	-10.2816	-81.995	145.18	-177.593	178.124	-119.541	155.66	-149.065	54.168	173.619	81.182	-70.958	-172.24	-118.091	12.874	-175.081	60.103	-90.012	-156.601	168.57	179.968	53.69	175.558	178.783	-58.423	
7	-10.2795	-82.802	155.63	-177.665	-167.029	88.512	-144.126	-161.759	79.221	174.981	66.743	-96.356	178.297	-79.951	-27.25	179.361	72.416	-95.392	-76.931	126.772	-178.514	-173.61	177.826	81.849	-64.23	
8	-10.2474	-84.294	151.4	179.195	176.492	-108.726	149.161	-162.398	76.579	178.364	70.142	-91.471	178.132	-99.374	-14.506	175.543	72.887	-94.027	-74.603	132.485	-178.933	-64.831	-176.658	-177.151	-57.228	
9	-10.2427	-83.016	155.828	-177.879	-167.132	88.556	-144.261	-162.085	80.407	174.885	66.369	-97.061	177.319	-77.619	-33.112	179.165	-179.467	80.475	-71.26	127.422	-178.366	-174.28	177.397	82.13	-63.983	
10	-10.1959	-84.2	153.351	-179.898	179.082	-109.187	143.97	-161.94	72.759	177.789	65.815	-95.728	178.145	-79.941	-27.255	179.759	72.319	-95.423	-76.065	128.047	-178.837	-172.239	179.37	83.23	-62.805	
11	-10.1515	-82.402	154.257	-176.993	-167.466	87.277	-146.363	-158.008	78.665	173.845	66.734	-95.648	177.59	-77.816	-32.62	-176.98	178.983	80.206	-79.004	134.115	-178.4	-65.524	-179.249	-179.32	-59.931	
12	-10.1358	-84.27	153.771	179.939	178.821	-108.74	143.832	-162.792	74.24	177.835	65.357	-96.4	177.297	-77.889	-32.865	179.535	-179.408	80.372	-70.438	128.38	-178.676	-172.965	178.98	83.582	-62.627	
13	-10.1337	-84.081	152.034	-179.478	178.827	-111.272	146.351	-159.71	70.739	177.392	66.853	-94.693	177.676	-81.608	-26.9	-179.247	72.593	-95.335	-77.987	131.656	-178.919	-171.335	176.595	179.481	179.904	
14	-10.1243	-169.654	-27.996	178.18	-175.723	84.385	-154.408	79.442	-72.709	-174.791	141.442	-31.743	-179.417	-71.794	-20.361	176.211	70.336	-95.42	-65.92	135.355	-179.091	-69.967	-174.749	-171.07	-177.731	
15	-10.0691	-82.74	154.717	-177.059	-167.233	87.689	-146.409	-159.609	78.825	174.325	67.742	-94.94	178.041	-82.7	-26.757	-179.357	72.667	-95.317	-78.353	128.923	-178.546	-172.193	176.54	179.284	179.858	
16	-10.0241	-84.275	152.77	-179.628	178.761	-110.693	145.787	-160.926	72.197	177.521	66.18	-96.044	176.781	-78.626	-32.568	-179.829	-179.326	80.503	-71.926	131.215	-178.741	-172.874	176.599	179.105	-60.149	
17	-9.97864	-83.026	154.35	-177.325	-173.182	81.046	-165.399	-154.012	87.341	169.254	81.783	-76.284	-173.825	-140.417	29.662	179.733	-55.753	101.311	-163.092	160.771	-179.819	52.184	173.814	179.825	-179.846	
18	-9.9141	179.373	-17.521	-178.273	178.937	-99.624	173.624	-59.708	-37.698	-178.803	-67.263	-39.788	179.759	-71.364	-38.457	-179.723	174.447	78.507	-160.607	122.061	-178.146	-174.918	175.139	179.426	-60.094	
19	-9.82545	-84.083	152.589	-179.342	179.036	-112.119	146.633	-160.177	70.486	177.372	66.548	-95.175	176.848	-78.491	-32.39	-177.045	179.362	80.434	-79.075	142.993	-178.878	-65.834	179.862	-84.074	-58.136	
20	-9.81021	-83.991	151.759	-179.599	178.493	68.188	-32.096	-159.757	70.721	177.741	67.646	-91.409	177.686	-86.648	-27.239	-179.138	-58.12	107.16	-78.684	141.438	-178.946	-65.334	-179.399	-179.16	-59.917	
21	-9.76841	-84.025	152.512	-179.038	179.298	-112.77	146.694	-159.471	69.217	177.366	66.24	-94.761	176.759	-77.584	-33.216	-176.774	178.584	81.166	-79.893	144.227	-178.872	-65.339	-71.277	179.428	-59.579	
22	-9.68704	64.382	138.822	-167.186	-164.117	-100.952	23.009	-89.237	60.866	178.747	68.233	-87.84	174.771	-95.313	-30.066	-171.067	179.527	79.962	-83.966	138.448	178.526	-64.331	178.823	-83.263	-57.611	
23	-9.41751	-81.401	151.169	177.442	-170.585	91.864	-3.575	-165.755	149.317	178.478	67.877	-92.103	-176.429	-147.034	21.947	-171.709	58.437	-84.091	-163.404	168.553	-179.748	55.005	178.62	176.105	-179.948	
24	-9.41243	-97.286	171.032	-178.395	65.861	94.074	179.202	-64.183	94.228	-177.134	153.659	-64.914	170.918	-76.289	-26.596	172.191	176.804	-121.536	-122.458	160.729	-179.271	-59.171	-175.307	-177.35	-57.78	
25	-9.3679	-78.264	140.261	-164.708	-164.927	-103.33	28.76	-90.77	61.917	-178.893	71.544	-89.274	174.033	-107.726	-14.707	-178.27	70.702	-91.71	-79.245	129.496	177.256	-64.311	-177.754	-83.146	-55.909	
26	-9.29335	-175.978	-22.724	178.307	171.943	59.934	-151.695	88.326	32.17	171.042	75.609	-81.145	-178.496	-95.12	-36.908	-178.37	178.095	57.431	-163.664	159.288	-177.203	62.075	-173.539	178.667	-60.02	
27	-9.27372	-83.9	27.029	-178.359	-171.143	62.749	-174.358	53.21	37.595	-177.551	79.436	-71.537	-173.56	-140.518	18.147	-167.9	57.686	-86.225	-104.063	114.075	-179.874	-66.471	176.361	-174.486	-58.204	
28	-9.25943	179.647	-17.238	-178.977	-179.899	-99.524	172.98	-60.045	-37.979	-179.017	-67.825	-39.721	179.56	-70.607	-37.853	-179.324	173.547	78.275	-159.682	121.261	-177.97	-171.163	-179.254	-80.345	-54.83	
29	-9.25013	-82.114	153.949	-176.247	-169.661	83.392	-157.451	-153.509	78.411	169.064	77.279	-81.268	-169.784	-85.945	-31.402	-174.755	-179.412	68.138	-160.052	169.892	179.106	60.314	-177.084	177.329	179.614	
30	-9.2478	179.964	-19.03	-177.885	175.878	80.506	-175.49	-62.567	-38.103	-178.736	-69.362	-39.619	179.921	-69.59	-43.572	177.567	174.008	-118.932	-142.713	114.177	-177.02	-81.001	-177.434	176.005	-62.111	
31	-9.24719	-163.612	-36.661	177.516	-172.901	90.594	-150.068	77.736	-74.904	-172.988	149.95	-34.372	174.099	-61.197	-29.235	-179.786	67.324	-95.056	-69.506	140.508	-179.483	-174.098	172.099	176.267	179.398	
32	-9.1263	-169.417	-31.18	175.89	168.25	67.283	-145.53	79.279	-68.701	-173.921	179.782	-43.329	173.303	-149.771	26.257	-171.28	56.568	-83.747	-114.998	159.821	-179.517	-60.935	-177.517	-176.732	-178.41	
33	-9.12261	-83.403	154.116	-177.946	-174.695	80.832	-165.945	-152.443	91.533	168.328	78.915	-77.523	-175.399	-139.288	30.53	-179.217	-55.879	-78.699	-156.442	137.09	179.635	-172.262	175.27	179.796	-60.05	
34	-9.09857	82.221	-9.571	-178.208	-174.819	-102.999	177.075	-64.818	-38.933	-179.637	-69.455	-37.206	179.057	-71.032	-37.291	179.108	177.691	82.736	-158.456	119.58	-177.784	-175.25	175.682	179.476	-179.998	
35	-8.83371	-94.752	166.602	-178.33	62.891	91.231	-177.397	-63.664	93.557	-174.879	150.927	-41.502	171.93	-92.201	-33.527	178.519	173.322	59.002	-160.935	176.355	179.844	59.357	-176.362	176.388	178.057	
36	-8.82416	-170.23	-36.677	-170.287	170.628	79.432	-174.614	-60.6	-39.955	-176.247	-67.714	-33.235	-175.98	-88.269	-27.476	-177.563	-60.244	100.785	-159.276	118.627	-178.232	-175.696	173.12	177.161	-60.477	
37	-8.78769	-84.463	151.743	179.034	177.43	-110.523	149.853	-161.883	73.909	179.374	69.339	-87.702	-179.713	-102.88	-13.673	-176.307	69.684	-94.227	-72.196	-45.479	178.435	-66.86	178.821	-177.555	-59.032	
38	-8.69421	-166.488	171.537	-178.662	60.106	89.716	-3.701	-64.006	92.434	-174.633	146.777	-34.67	175.913	-110.466	-50.514	-177.286	167.68	66.414	-159.426	-55.903	-177.982	-173.036	175.76	179.872	-60.025	
39	-8.67202	-179.625	-19.533	-177.821	176.146	79.383	-176.11	-61.306	-41.509	-178.379	-72.333	-35.456	-178.377	-70.531	-42.105	179.082	175.41	-119.447	-142.914	-52.533	178.048	-82.195	-178.26	175.374	-62.343	
40	-8.63315	-148.135	178.086	178.313	71.965	-80.062	178.586	-64.818	91.167	-173.5	150.174	-49.093	168.859	-74.932	-31.188	174.135	174.596	-108.554	-153.454	178.473	-179.94	59.149	-177.904	176.726	-61.694	
41	-8.49281	-165.556	-26.363	-178.654	63.769	96.909	-4.766	150.63	148.885	175.371	73.592	-80.963	-173.894	-72.947	-36.815	179.361	177.986	-118.327	-161.3	168.933	179.493	62.568	-174.282	-179.801	58.857	
42	-8.48078	-167.623	-34.02	176.151	169.259	71.142	-145.108	78.93	-72.977	-173.735	-173.134	-50.138	178.045	-148.558	47.25	178.802	-60.025	-78.017	-160.352	-171.091	179.653	57.977	179.957	177.016	177.456	
43	-8.47195	-164.597	-39.154	-177.108	176.785	-93.407	-172.791	-63.27	148.451	-177.225	81.877	-61.993	175.408	-58.133	-38.355	179.432	171.418	72.89	-153.279	145.511	179.131	-168.856	173.279	-179.729	-59.251	
44	-8.42117	-83.778	152.707	-177.893	-179.808	64.1	-32.921	-157.358	63.964	176.39	66.065	-93.497	178.121	-77	-33.439	179.399	-68.127	-76.257	-86.324	154.523	-179.036	-69.385	-178.978	167.626	175.958	
45	-8.26394	-171.527	-28.998	-178.402	63.061	95.886	171.639	137.88	-166.785	175.517	63.129	-96.606	-176.625	-84.801	-33.134	-177.187	179.731	60.248	-164.424	150.088	179.784	60.085	-174.359	177.818	179.359	
46	-8.24509	-176.873	-20.25	179.283	179.726	-101.041	150.031	-70.357	77.124	-174.795	155.194	-38.072	173.169	-78.138	-42.025	177.722	176.957	-101.199	50.007	-109.755	177.609	-59.05	-66.105	-176.257	-57.111	
47	-8.2195	-169.126	-32.671	177.167	169.004	70.098	-143.493	79.61	-71.969	-174.853	178.262	-48.89	179.979	-87.363	-49.687	-173.882	175.94	-112.731	-163.892	-44.888	178.399	-171.963	175.437	179.949	-179.967	
48	-8.20972	-82.789	149.753	178.546	179.05	79.201	178.328	-170.766	46.892	174.877	78.179	-73.786	-178.278	-77.851	-8.57	173.492	68.677	-96.808	-138.676	166.387	-179.253	60.128	177.544	-179.739	-60.033	
49	-8.19439	-178.021	-14.75	172.567	57.699	-85.703	-7.814	94.589	-157.075	179.15	63.645	-94.747	178.891	-81.823	-31.933	-178.587	-179.148	78.037	-158.961	123.455	178.602	-173.264	176.057	179.665	-60.066	
50	-8.15974	-79.293	143.942	174.482	169.429	65.002	-174.701	-66.168	90.952	-172.136	145.951	-36.33	171.436	-88.662	-32.146	176.53	-179.865	-111.469	-158.91	174.643	179.856	58.244	-178.06	175.118	-63.078	
51	-8.1252	-170.99	-34.104	-171.996	174.569	84.421	-176.068	-63.846	-36.18	-177.056	-66.552	-35.006	-177.297	-86.999	-32.22	-179.015	-60.911	100.761	-138.399	102.935	-177.362	-66.776	-173.683	-178.184	-59.803	
52	-8.10159	-81.066	151.298	177.92	-167.418	92.466	-5.748	-162.838	149.714	179.909	63.318	-98.354	178.487	-143.665	32.352	-177.938	-57.429	100.679	-157.221	164.796	-179.708	56.778	178.986	179.287	179.987	
53	-8.02483	173.511	-7.744	179.357	64.073	-85.626	-0.572	82.886	-139.949	176.066	68.823	-83.564	177.541	-143.66	25.953	-179.325	57.607	-82.809	-62.294	128.999	-178.485	-171.826	174.798	-177.431	-59.64	
54	-8.01694	-85.451	156.301	179.425	-179.852	-108.108	142.093	-166.732	74.77	179.58	64.954	-98.58	176.993	-77.268	-27.568	-178.719	71.899	-95.584	-71.129	126.396	-178.689	-162.256	-161.505	-68.431	-170.312	
55	-8.01672	-165.806	-37.099	-176.371	177.683	-90.918	177.995	-63.166	150.392	-178.866	83.583	-62.032	179.143	-67.763	-37.263	179.864	-58.488	-69.243	-137.478	160.631	179.488	-64.055	-174.535	-178.806	-179.869	
56	-7.99316	-84.495	151.063	179.053	177.595	-112.798	154.747	-163.366	70.929	-176.545	77.799	-68.483	174.665	-73.532	146.045	179.716	178.516	72.626	-82.354	116.75	-179.018	-67.077	179.742	-179.834	59.99	
57	-7.97025	-78.999	140.944	-168.23	-168.502	70.057	177.974	-89.991	61.832	174.989	74.45	-78.305	-173.933	-128.094	14.056	-177.945	63.359	-86.613	-157.087	169.441	-179.384	61.128	-178.436	-70.944	-42.369	
58	-7.95783	67.576	17.724	177.747	-171.128	-114.802	5.21	58.143	41.289	-179.326	78.179	-71.69	-177.73	-142.977	22.026	-171.51	56.973	-84.847	-90.695	109.242	-178.603	-170.19	177.434	179.854	-59.997	
59	-7.95736	-81.569	146.707	178.785	-178.011	75.369	4.548	-168.854	150.759	-177.656	66.63	-90.345	179.2	-149.219	21.989	-171.522	58.482	-83.883	-164.565	157.328	179.952	54.831	178.764	177.331	-179.57	
60	-7.89544	-84.067	152.385	178.606	179.121	-109.942	150.647	-165.37	71.279	-173.68	75.57	-68.181	171.297	-73.577	155.122	-179.378	-179.087	72.31	-58.772	120.813	-178.583	-173.733	175.581	179.87	59.981	
61	-7.85188	-84.701	151.355	179.444	175.188	-113.298	156.35	-163.617	75.248	178.463	76.401	-77.977	-178.284	-147.448	22.521	-172.402	58.363	-83.885	-166.194	-2.766	-179.185	54.319	176.427	178.329	-179.192	
62	-7.79486	-168.686	-30.536	-179.096	-179.494	-92.452	175.958	-64.126	147.76	-178.325	81.289	-63.205	175.463	-55.612	-42.28	176.168	172.05	-120.242	-141.207	-10.986	-179.38	-79.549	-177.713	174.267	177.58	
63	-7.76476	-176.145	-22.339	-172.121	64.908	-87.97	-9.814	135.562	-176.244	176.501	60.552	-102.209	179.061	-76.945	-38.1	-174.193	179.081	80.359	-96.404	115.064	-179.066	-173.206	174.731	177.859	-60.378	
64	-7.75766	-79.13	142.373	-170.864	177.456	-124.669	-1.847	-59.787	-38.425	-177.554	-67.911	-33.015	-175.234	-83.054	-34.845	-179.584	179.665	62.361	-160.539	153.918	-179.054	59.346	-175.411	176.477	177.315	
65	-7.75302	-167.514	-31.169	-176.443	-176.734	91.774	-0.648	83.489	47.886	-179.704	177.407	-70.742	176.535	-77.962	-26.124	178.997	-56.939	-59.829	-160.403	175.153	179.536	56.464	178.871	178.476	59.259	
66	-7.74263	-172.313	-26.243	176.981	173.553	61.66	-154.522	105.556	-46.934	178.735	94.887	-54.533	171.99	-61.356	-25.285	178.112	65.238	-97.188	-61.735	130.709	-179.092	-175.192	173.362	176.697	-60.441	
67	-7.69752	-82.253	144.349	179.921	178.72	-108.744	144.11	-148.511	66.999	178.397	66.441	-93.08	176.836	-83.413	-29.93	-175.423	-179.973	80.214	-74.879	-43.235	173.044	-66.294	-179.728	-179.204	-59.913	
68	-7.68187	-82.358	144.528	179.874	178.366	-109.028	145.047	-149.106	67.283	178.026	67.287	-92.265	177.222	-87.08	-25.829	-177.034	71.956	-95.471	-74.944	-47.034	174.405	-170.584	176.813	179.684	-60.034	
69	-7.64327	-168.941	-30.104	-178.898	178.667	-94.444	0.773	95.818	-162.258	-179.669	69.739	-84.478	177.783	-145.637	20.949	-173.177	58.603	96.187	-167.42	-169.026	179.239	56.575	179.314	-178.131	-173.647	
70	-7.60791	-159.926	156.212	175.655	59.159	87.807	-174.696	54.725	-119.391	175.548	-118.904	16.981	179.003	-84.218	-41.056	171.461	-172.295	-106.848	-163.695	-16.205	174.181	62.023	-173.951	172.954	-66.066	
71	-7.59954	-166.845	-48.4	-167.365	167.685	78.521	177.464	-62.6	-32.701	-177.551	-66.893	-30.4	-174.384	-93.207	-42.427	-176.828	-60.361	100.262	-165.915	161.116	179.725	52.723	177.124	170.343	178.463	
72	-7.58623	-154.292	152.545	-179.533	65.051	100.472	-176.169	53.939	-129.91	171.54	-112.02	17.898	-175.714	-93.124	-30.404	177.278	-60.302	-83.477	-152.327	-36.622	175.895	-171.475	175.155	179.682	-59.804	
73	-7.5551	-167.634	-30.803	-177.694	-177.856	-100.034	1.555	-72.883	76.439	179.797	165.281	-61.92	-179.022	-97.522	-12.25	172.593	66.529	-95.952	52.925	-113.705	178.133	-57.934	-67.432	177.642	-59.034	
74	-7.55238	-80.722	146.027	178.211	-166.779	95.78	-151.131	-159.951	84.242	-171.313	80.594	-55.409	168.439	-127.692	168.052	-178.842	61.372	-88.662	-77.524	111.881	-178.887	-171.251	176.043	-179.729	-59.985	
75	-7.52622	-165.343	-46.32	-179.63	178.458	85.999	-175.688	-72.381	-36.142	178.08	-75.606	-33.191	179.467	-69.657	-40.624	175.004	179.155	68.656	-87.731	1.243	-179.219	-66.206	-176.422	174.848	179.024	
76	-7.51554	174.136	-6.328	175.716	60.869	-85.692	2.619	79.493	-148.285	178.275	63.934	-101.921	176.462	-73.214	-33.639	179.875	179.125	81.253	-75.86	128.492	-178.404	-173.191	176.551	179.549	-60.053	
77	-7.50369	-85.712	155.402	179.658	177.897	66.451	-25.051	-169.632	75.767	-175.746	73.068	-73.986	170.065	-97.776	-45.403	-175.728	176.384	70.693	-163.274	144.391	-179.486	-171.529	173.847	179.984	60	
78	-7.46811	-177.305	-21.454	178.928	171.625	59.132	-152.651	88.342	27.627	171.338	77.281	-77.264	-176.747	-95.976	-38.584	-175.34	-57.588	103.471	-160.373	143.837	-178.052	-172.184	171.166	80.016	-64.207	
79	-7.41328	-171.42	-31.044	-177.285	171.199	-111.219	179.194	72.98	-134.589	177.339	67.482	-92.86	-177.95	-97.713	-13.923	-179.347	68.435	-95.435	-72.694	126.706	-178.436	-66.58	-176.638	-177.779	60.885	
80	-7.38341	-155.018	164.831	176.021	73.097	103.771	-172.928	55.826	-117.973	173.111	-126.325	24.997	-178.791	-92.76	-41.548	177.036	-66.219	-88.822	-164.203	-9.995	173.099	56.489	-179.787	175.299	-64.695	
81	-7.32342	-83.948	152.234	179.38	177.501	-109.675	149.217	-163.683	73.385	177.744	73.637	-86.068	-177.354	-87.979	-50.164	179.926	177.713	78.769	-78.467	160.82	-178.774	74.268	-170.613	175.296	173.601	
82	-7.17814	-81.012	145.004	178.649	-166.381	96.155	-152.391	-157.601	83.781	-172.248	78.628	-58.996	165.989	-119.358	162.19	178.467	-173.439	66.62	-69.436	-58.809	179.422	-172.052	175.736	-179.72	179.96	
83	-7.15086	-164.048	147.691	174.241	60.373	-86.404	4.663	59.877	-105.649	-176.121	-76.863	-30.719	-177.042	-82.627	-21.749	172.232	-60.046	-71.885	-158.448	119.391	-177.671	-168	178.34	179.808	-60.028	
84	-7.08152	-84.019	150.814	179.027	177.534	-110.466	149.491	-160.273	73.118	179.108	69.173	-88.024	-179.943	-101.854	-14.12	-176.649	70.007	-94.108	-73.7	-45.172	178.159	-66.387	177.349	83.08	-62.483	
85	-7.05922	-171.069	-37.117	-169.491	168.572	76.658	-176.943	-61.634	-33.888	-176.632	-66.124	-32.684	-175.243	-91.492	-40.747	177.895	-60.447	-80.75	-141.632	117.836	-177.897	-71.254	-172.247	176.311	-58.136	
86	-6.96297	-167.548	-42.731	-170.844	174.272	70.642	-174.952	-65.326	-26.128	-176.183	-58.222	-55.812	-173.099	-102.458	-8.612	173.899	64.278	-96.744	-154.677	90.033	-178.236	-172.294	172.463	-178.327	-59.229	
87	-6.96192	-84.581	147.633	172.505	171.002	-101.589	154.622	-163.392	93.312	-174.024	72.716	-76.366	170.367	-149.028	21.396	-171.573	56.84	-85.168	-109.46	141.044	-179.62	-61.311	-177.814	-177.154	-58.646	
88	-6.85833	-163.694	-38.316	179.226	-178.233	-87.604	0.328	-160.609	63.103	177.863	65.521	-98.072	177.313	-70.747	-27.895	178.527	72.542	-94.69	-82.092	-39.522	168.391	-169.701	171.312	174.888	-60.244	
89	-6.81253	-166.996	-32.857	-179.292	-175.456	89.875	168.514	74.201	-88.054	-177.98	155.678	59.506	-178.889	-92.717	-11.428	174.552	65.888	-97.146	-155.107	133.453	-179.998	-176.461	173.912	179.796	-60.023	
90	-6.56516	-83.152	159.491	177.317	-171.98	-94.505	-176.273	103.628	140.342	179.758	77.053	-74.474	-176.79	-80.325	-15.899	173.464	71.276	-95.275	-152.056	128.627	179.962	-170.577	-177.535	178.68	179.841	
91	-6.56516	-82.977	159.451	177.294	-172.064	-94.46	-176.265	103.711	140.165	179.732	77.081	-74.454	-176.799	-80.343	-15.86	173.49	71.315	-95.257	-151.988	128.686	-179.999	-170.601	-177.556	178.624	179.812	
92	-6.46879	-166.15	-36.267	-179.602	-179.515	-93.365	179.173	-167.829	66.529	175.575	64.775	-96.861	175.35	-63.069	-35.509	177.205	177.039	79.457	-79.732	-40.243	167.417	-65.234	-178.653	-179.328	-179.947	
93	-6.33879	-83.01	144.991	177.579	177.712	-100.006	-2.658	-163.929	67.86	-179.582	63.558	-97.589	176.231	-66.762	-34.849	-179.893	177.506	79.968	-77.205	-37.942	166.63	-66.097	-179.592	-179.215	-59.936	
94	-6.20522	-171.795	-19.431	168.517	-171.504	-124.398	177.879	58.979	47.103	-179.02	81.205	-73.908	-177.847	-154.596	64.243	171.722	-66.341	-74.539	-161.653	-170.149	179.573	57.503	177.386	178.455	176.688	
95	-5.94409	-108.459	151.769	178.977	-68.483	-96.896	178.017	150.12	65.284	176.533	88.499	-62.387	176.537	-60.728	-22.431	168.027	62.039	-98.439	-150.535	143.113	-178.501	-173.074	177.507	-177.563	-58.889	
96	-5.62025	-83.344	159.74	177.487	-172.221	-95.317	-175.963	103.602	139.891	179.797	77.181	-74.268	-176.83	-80.67	-15.363	173.503	71.532	-95.103	-152.147	128.866	-179.784	-168.67	-174.049	-79.941	-175.485	
97	-5.61885	179.796	-17.626	-179.679	55.454	86.323	-2.84	69.993	-89.31	173.871	-144.443	27.573	178.064	-81.807	-30.286	-179.796	-179.055	-100.435	-69.856	-44.431	178.283	-172.09	175.672	179.828	-59.978	
98	-5.4971	-152.759	-33.11	174.818	-48.855	-61.963	177.343	-171.817	-73.915	175.031	-80.078	-32.533	-178.136	-70.417	-45.548	174.481	176.748	-127.709	-165.016	-19.606	175.474	60.748	-173.886	179.988	-59.751	
99	-2.62184	75.056	2.667	-177.971	-173.142	69.901	-178.878	-140.444	176.788	-178.723	67.442	-100.21	174.606	-79.388	-31.339	-177.896	-179.189	76.05	-95.957	176.103	178.725	-62.553	-177.227	-179.376	60.045	
100	-0.607516	-168.873	-22.294	175.141	-65.321	-81.848	179.862	84.173	-64.695	178.348	-80.414	-28.611	-175.734	46.737	46.332	-178.963	-55.428	105.746	-157.941	-42.975	-179.656	-169.293	70.612	-178.855	-59.853	
