
1	-4.90993	24289	9.08936	61	-38.794	-35.697	-178.32	-53.477	123.24	-179.898	-152.742	40.852	172.432	77.466	-75.33	-177.26	-77.649	-8.375	173.305	69.222	-96.691	-137.505	153.436	-175.972	56.294	175.187	-178.503	-179.624	
2	-7.91714	32266	12.7176	99	-75.786	107.651	-173.281	178.176	-103.127	36.212	-93.417	66.554	169.973	80.176	-70.371	-177.87	-89.139	-38.119	-172.554	178.032	-111.085	-158.527	148.882	175.684	-171.599	172.385	179.986	179.99	
3	-7.91714	40700	15.4188	136	-75.786	107.651	-173.281	178.176	-103.127	36.212	-93.417	66.554	169.973	80.176	-70.371	-177.87	-89.139	-38.119	-172.554	178.032	-111.085	-158.527	148.882	175.684	-171.599	172.385	179.986	179.99	
4	-7.91714	48843	17.5888	177	-75.786	107.651	-173.281	178.176	-103.127	36.212	-93.417	66.554	169.973	80.176	-70.371	-177.87	-89.139	-38.119	-172.554	178.032	-111.085	-158.527	148.882	175.684	-171.599	172.385	179.986	179.99	
5	-8.65189	57490	19.7169	212	-82.318	154.204	-177.046	-167.504	-92.867	30.961	-158.254	79.683	173.76	68.674	-91.792	178.373	-87.774	-27.211	-178.297	-57.984	-73.081	-79.963	135.208	-178.513	-65.313	-71.784	178.17	-60.236	
6	-9.81081	65403	21.5574	246	-84.14	151.828	-179.627	178.569	-111.901	147.957	-159.854	70.708	177.778	67.645	-91.418	177.646	-86.644	-27.271	-179.133	-58.094	107.225	-78.719	141.932	-178.954	-65.307	-179.382	-179.167	60.061	
7	-9.81081	73372	23.4793	274	-84.14	151.828	-179.627	178.569	-111.901	147.957	-159.854	70.708	177.778	67.645	-91.418	177.646	-86.644	-27.271	-179.133	-58.094	107.225	-78.719	141.932	-178.954	-65.307	-179.382	-179.167	60.061	
8	-10.2474	81768	25.4106	308	-84.294	151.4	179.195	176.492	-108.726	149.161	-162.398	76.579	178.364	70.142	-91.471	178.132	-99.374	-14.506	175.543	72.887	-94.027	-74.603	132.485	-178.933	-64.831	-176.658	-177.151	-57.228	
9	-10.2474	89495	27.4421	334	-84.294	151.4	179.195	176.492	-108.726	149.161	-162.398	76.579	178.364	70.142	-91.471	178.132	-99.374	-14.506	175.543	72.887	-94.027	-74.603	132.485	-178.933	-64.831	-176.658	-177.151	-57.228	
10	-10.2474	97583	30.6124	352	-84.294	151.4	179.195	176.492	-108.726	149.161	-162.398	76.579	178.364	70.142	-91.471	178.132	-99.374	-14.506	175.543	72.887	-94.027	-74.603	132.485	-178.933	-64.831	-176.658	-177.151	-57.228	
11	-10.2474	105840	32.9022	374	-84.294	151.4	179.195	176.492	-108.726	149.161	-162.398	76.579	178.364	70.142	-91.471	178.132	-99.374	-14.506	175.543	72.887	-94.027	-74.603	132.485	-178.933	-64.831	-176.658	-177.151	-57.228	
12	-10.2474	113298	34.7108	399	-84.294	151.4	179.195	176.492	-108.726	149.161	-162.398	76.579	178.364	70.142	-91.471	178.132	-99.374	-14.506	175.543	72.887	-94.027	-74.603	132.485	-178.933	-64.831	-176.658	-177.151	-57.228	
13	-10.2474	121429	36.5899	421	-84.294	151.4	179.195	176.492	-108.726	149.161	-162.398	76.579	178.364	70.142	-91.471	178.132	-99.374	-14.506	175.543	72.887	-94.027	-74.603	132.485	-178.933	-64.831	-176.658	-177.151	-57.228	
14	-10.2474	129817	38.7791	444	-84.294	151.4	179.195	176.492	-108.726	149.161	-162.398	76.579	178.364	70.142	-91.471	178.132	-99.374	-14.506	175.543	72.887	-94.027	-74.603	132.485	-178.933	-64.831	-176.658	-177.151	-57.228	
15	-10.2808	137176	41.6796	461	-83.967	152.302	-179.107	179.326	67.389	-33.48	-159.208	69.146	177.417	66.281	-94.669	176.759	-77.761	-32.731	-177.088	178.961	-99.783	-79.029	141.906	-178.846	-65.414	-179.209	-179.323	-59.94	
16	-10.2808	144214	43.6608	480	-83.967	152.302	-179.107	179.326	67.389	-33.48	-159.208	69.146	177.417	66.281	-94.669	176.759	-77.761	-32.731	-177.088	178.961	-99.783	-79.029	141.906	-178.846	-65.414	-179.209	-179.323	-59.94	
17	-10.2809	152019	46.8903	495	-83.967	152.301	-179.108	179.322	67.399	-33.479	-159.209	69.145	177.417	66.279	-94.67	176.757	-77.762	-32.733	-177.089	178.965	-99.783	-79.03	141.906	-178.846	-65.414	-179.209	-179.323	-59.94	
18	-10.2816	159916	49.4403	517	-84.079	152.42	-179.114	179.325	-112.561	146.503	-159.393	69.25	177.432	66.25	-94.716	176.773	-77.762	-32.731	-177.09	178.978	-99.737	-79.02	141.918	-178.846	-65.415	-179.208	-179.319	-59.936	
19	-10.2816	167892	52.5194	528	-84.079	152.42	-179.114	179.325	-112.561	146.503	-159.393	69.25	177.432	66.25	-94.716	176.773	-77.762	-32.731	-177.09	178.978	-99.737	-79.02	141.918	-178.846	-65.415	-179.208	-179.319	-59.936	
20	-10.2816	175762	55.2576	547	-84.079	152.42	-179.114	179.325	-112.561	146.503	-159.393	69.25	177.432	66.25	-94.716	176.773	-77.762	-32.731	-177.09	178.978	-99.737	-79.02	141.918	-178.846	-65.415	-179.208	-179.319	-59.936	
21	-10.2816	184456	58.507	560	-84.079	152.42	-179.114	179.325	-112.561	146.503	-159.393	69.25	177.432	66.25	-94.716	176.773	-77.762	-32.731	-177.09	178.978	-99.737	-79.02	141.918	-178.846	-65.415	-179.208	-179.319	-59.936	
22	-10.2817	191976	60.5685	569	-84.074	152.346	-179.093	179.361	-112.601	146.491	-159.255	69.111	177.464	66.246	-94.646	176.772	-77.75	-32.754	-177.107	178.974	80.224	-79.024	141.973	-178.848	-65.421	-179.208	-179.319	-59.935	
23	-10.2817	200064	62.4993	579	-84.074	152.346	-179.093	179.361	-112.601	146.491	-159.255	69.111	177.464	66.246	-94.646	176.772	-77.75	-32.754	-177.107	178.974	80.224	-79.024	141.973	-178.848	-65.421	-179.208	-179.319	-59.935	
24	-10.2817	208423	65.8612	596	-84.074	152.346	-179.093	179.361	-112.601	146.491	-159.255	69.111	177.464	66.246	-94.646	176.772	-77.75	-32.754	-177.107	178.974	80.224	-79.024	141.973	-178.848	-65.421	-179.208	-179.319	-59.935	
25	-10.2817	216802	68.5226	610	-84.074	152.346	-179.093	179.361	-112.601	146.491	-159.255	69.111	177.464	66.246	-94.646	176.772	-77.75	-32.754	-177.107	178.974	80.224	-79.024	141.973	-178.848	-65.421	-179.208	-179.319	-59.935	
26	-10.2817	224493	70.4434	626	-84.074	152.346	-179.093	179.361	-112.601	146.491	-159.255	69.111	177.464	66.246	-94.646	176.772	-77.75	-32.754	-177.107	178.974	80.224	-79.024	141.973	-178.848	-65.421	-179.208	-179.319	-59.935	
27	-10.2817	232898	73.7538	643	-84.074	152.346	-179.093	179.361	-112.601	146.491	-159.255	69.111	177.464	66.246	-94.646	176.772	-77.75	-32.754	-177.107	178.974	80.224	-79.024	141.973	-178.848	-65.421	-179.208	-179.319	-59.935	
28	-10.2817	241384	76.3351	660	-84.074	152.346	-179.093	179.361	-112.601	146.491	-159.255	69.111	177.464	66.246	-94.646	176.772	-77.75	-32.754	-177.107	178.974	80.224	-79.024	141.973	-178.848	-65.421	-179.208	-179.319	-59.935	
29	-10.2817	248873	79.8246	672	-84.074	152.346	-179.093	179.361	-112.601	146.491	-159.255	69.111	177.464	66.246	-94.646	176.772	-77.75	-32.754	-177.107	178.974	80.224	-79.024	141.973	-178.848	-65.421	-179.208	-179.319	-59.935	
30	-10.2817	256182	82.3838	689	-84.074	152.346	-179.093	179.361	-112.601	146.491	-159.255	69.111	177.464	66.246	-94.646	176.772	-77.75	-32.754	-177.107	178.974	80.224	-79.024	141.973	-178.848	-65.421	-179.208	-179.319	-59.935	
31	-10.2817	264780	85.1237	704	-84.074	152.346	-179.093	179.361	-112.601	146.491	-159.255	69.111	177.464	66.246	-94.646	176.772	-77.75	-32.754	-177.107	178.974	80.224	-79.024	141.973	-178.848	-65.421	-179.208	-179.319	-59.935	
32	-10.2817	272220	88.1118	711	-84.074	152.346	-179.093	179.361	-112.601	146.491	-159.255	69.111	177.464	66.246	-94.646	176.772	-77.75	-32.754	-177.107	178.974	80.224	-79.024	141.973	-178.848	-65.421	-179.208	-179.319	-59.935	
33	-10.2817	280845	90.8908	722	-84.074	152.346	-179.093	179.361	-112.601	146.491	-159.255	69.111	177.464	66.246	-94.646	176.772	-77.75	-32.754	-177.107	178.974	80.224	-79.024	141.973	-178.848	-65.421	-179.208	-179.319	-59.935	
34	-10.2817	287688	93.84	734	-84.074	152.346	-179.093	179.361	-112.601	146.491	-159.255	69.111	177.464	66.246	-94.646	176.772	-77.75	-32.754	-177.107	178.974	80.224	-79.024	141.973	-178.848	-65.421	-179.208	-179.319	-59.935	
35	-11.7062	295913	96.2414	746	-83.508	155.796	-177.104	-173.192	-100.679	13.704	-154.306	85.896	168.524	82.947	-75.146	-169.961	-136.772	19.038	-174.069	58.929	-85.541	-163.417	160.859	-179.816	52.931	175.386	-179.82	-178.724	
36	-11.7062	303902	98.1222	756	-83.508	155.796	-177.104	-173.192	-100.679	13.704	-154.306	85.896	168.524	82.947	-75.146	-169.961	-136.772	19.038	-174.069	58.929	-85.541	-163.417	160.859	-179.816	52.931	175.386	-179.82	-178.724	
37	-11.7065	311556	99.9018	768	-83.302	155.785	-177.12	-173.195	-100.636	13.656	-154.286	85.889	168.517	82.96	-75.073	-169.955	-136.829	19.091	-174.086	58.86	-85.483	-163.44	160.811	-179.79	52.866	175.301	-179.865	-178.582	
38	-11.7065	319234	101.683	782	-83.302	155.785	-177.12	-173.195	-100.636	13.656	-154.286	85.889	168.517	82.96	-75.073	-169.955	-136.829	19.091	-174.086	58.86	-85.483	-163.44	160.811	-179.79	52.866	175.301	-179.865	-178.582	
39	-11.7065	327266	103.545	788	-83.302	155.785	-177.12	-173.195	-100.636	13.656	-154.286	85.889	168.517	82.96	-75.073	-169.955	-136.829	19.091	-174.086	58.86	-85.483	-163.44	160.811	-179.79	52.866	175.301	-179.865	-178.582	
40	-11.7065	336417	105.634	797	-83.302	155.785	-177.12	-173.195	-100.636	13.656	-154.286	85.889	168.517	82.96	-75.073	-169.955	-136.829	19.091	-174.086	58.86	-85.483	-163.44	160.811	-179.79	52.866	175.301	-179.865	-178.582	
41	-11.7065	344560	107.953	809	-83.302	155.785	-177.12	-173.195	-100.636	13.656	-154.286	85.889	168.517	82.96	-75.073	-169.955	-136.829	19.091	-174.086	58.86	-85.483	-163.44	160.811	-179.79	52.866	175.301	-179.865	-178.582	
42	-11.7065	352967	111.084	819	-83.302	155.785	-177.12	-173.195	-100.636	13.656	-154.286	85.889	168.517	82.96	-75.073	-169.955	-136.829	19.091	-174.086	58.86	-85.483	-163.44	160.811	-179.79	52.866	175.301	-179.865	-178.582	
43	-11.7065	360827	113.292	825	-83.302	155.785	-177.12	-173.195	-100.636	13.656	-154.286	85.889	168.517	82.96	-75.073	-169.955	-136.829	19.091	-174.086	58.86	-85.483	-163.44	160.811	-179.79	52.866	175.301	-179.865	-178.582	
44	-11.7065	369545	115.351	833	-83.302	155.785	-177.12	-173.195	-100.636	13.656	-154.286	85.889	168.517	82.96	-75.073	-169.955	-136.829	19.091	-174.086	58.86	-85.483	-163.44	160.811	-179.79	52.866	175.301	-179.865	-178.582	
45	-11.7072	376782	117.063	843	-83.468	155.816	-177.17	-173.2	79.374	-166.344	-154.336	86.016	168.501	82.928	-75.136	-169.977	-136.842	19.118	-174.114	58.851	-85.471	-163.456	160.958	-179.79	52.873	175.321	-179.876	-178.615	
46	-11.7072	383850	118.724	852	-83.468	155.816	-177.17	-173.2	79.374	-166.344	-154.336	86.016	168.501	82.928	-75.136	-169.977	-136.842	19.118	-174.114	58.851	-85.471	-163.456	160.958	-179.79	52.873	175.321	-179.876	-178.615	
47	-11.7072	391025	121.713	859	-83.468	155.816	-177.17	-173.2	79.374	-166.344	-154.336	86.016	168.501	82.928	-75.136	-169.977	-136.842	19.118	-174.114	58.851	-85.471	-163.456	160.958	-179.79	52.873	175.321	-179.876	-178.615	
48	-11.7072	399760	124.245	865	-83.468	155.816	-177.17	-173.2	79.374	-166.344	-154.336	86.016	168.501	82.928	-75.136	-169.977	-136.842	19.118	-174.114	58.851	-85.471	-163.456	160.958	-179.79	52.873	175.321	-179.876	-178.615	
49	-11.7072	408238	126.555	878	-83.468	155.816	-177.17	-173.2	79.374	-166.344	-154.336	86.016	168.501	82.928	-75.136	-169.977	-136.842	19.118	-174.114	58.851	-85.471	-163.456	160.958	-179.79	52.873	175.321	-179.876	-178.615	
50	-11.7072	416971	130.235	883	-83.468	155.816	-177.17	-173.2	79.374	-166.344	-154.336	86.016	168.501	82.928	-75.136	-169.977	-136.842	19.118	-174.114	58.851	-85.471	-163.456	160.958	-179.79	52.873	175.321	-179.876	-178.615	
51	-11.7072	425778	132.654	889	-83.468	155.816	-177.17	-173.2	79.374	-166.344	-154.336	86.016	168.501	82.928	-75.136	-169.977	-136.842	19.118	-174.114	58.851	-85.471	-163.456	160.958	-179.79	52.873	175.321	-179.876	-178.615	
52	-11.7072	434001	134.532	894	-83.468	155.816	-177.17	-173.2	79.374	-166.344	-154.336	86.016	168.501	82.928	-75.136	-169.977	-136.842	19.118	-174.114	58.851	-85.471	-163.456	160.958	-179.79	52.873	175.321	-179.876	-178.615	
53	-11.7072	442181	136.441	903	-83.468	155.816	-177.17	-173.2	79.374	-166.344	-154.336	86.016	168.501	82.928	-75.136	-169.977	-136.842	19.118	-174.114	58.851	-85.471	-163.456	160.958	-179.79	52.873	175.321	-179.876	-178.615	
54	-11.7072	449520	139.552	910	-83.468	155.816	-177.17	-173.2	79.374	-166.344	-154.336	86.016	168.501	82.928	-75.136	-169.977	-136.842	19.118	-174.114	58.851	-85.471	-163.456	160.958	-179.79	52.873	175.321	-179.876	-178.615	
55	-11.7072	457084	141.763	920	-83.468	155.816	-177.17	-173.2	79.374	-166.344	-154.336	86.016	168.501	82.928	-75.136	-169.977	-136.842	19.118	-174.114	58.851	-85.471	-163.456	160.958	-179.79	52.873	175.321	-179.876	-178.615	
56	-11.7072	464796	144.953	926	-83.468	155.816	-177.17	-173.2	79.374	-166.344	-154.336	86.016	168.501	82.928	-75.136	-169.977	-136.842	19.118	-174.114	58.851	-85.471	-163.456	160.958	-179.79	52.873	175.321	-179.876	-178.615	
57	-11.7072	472921	147.214	930	-83.468	155.816	-177.17	-173.2	79.374	-166.344	-154.336	86.016	168.501	82.928	-75.136	-169.977	-136.842	19.118	-174.114	58.851	-85.471	-163.456	160.958	-179.79	52.873	175.321	-179.876	-178.615	
58	-11.7072	480211	148.956	934	-83.468	155.816	-177.17	-173.2	79.374	-166.344	-154.336	86.016	168.501	82.928	-75.136	-169.977	-136.842	19.118	-174.114	58.851	-85.471	-163.456	160.958	-179.79	52.873	175.321	-179.876	-178.615	
59	-11.7072	487671	150.686	943	-83.468	155.816	-177.17	-173.2	79.374	-166.344	-154.336	86.016	168.501	82.928	-75.136	-169.977	-136.842	19.118	-174.114	58.851	-85.471	-163.456	160.958	-179.79	52.873	175.321	-179.876	-178.615	
60	-11.7072	495815	152.557	944	-83.468	155.816	-177.17	-173.2	79.374	-166.344	-154.336	86.016	168.501	82.928	-75.136	-169.977	-136.842	19.118	-174.114	58.851	-85.471	-163.456	160.958	-179.79	52.873	175.321	-179.876	-178.615	
61	-11.7072	504085	155.029	956	-83.468	155.816	-177.17	-173.2	79.374	-166.344	-154.336	86.016	168.501	82.928	-75.136	-169.977	-136.842	19.118	-174.114	58.851	-85.471	-163.456	160.958	-179.79	52.873	175.321	-179.876	-178.615	
62	-11.7072	511952	158.019	963	-83.468	155.816	-177.17	-173.2	79.374	-166.344	-154.336	86.016	168.501	82.928	-75.136	-169.977	-136.842	19.118	-174.114	58.851	-85.471	-163.456	160.958	-179.79	52.873	175.321	-179.876	-178.615	
63	-11.7072	520628	160.299	969	-83.468	155.816	-177.17	-173.2	79.374	-166.344	-154.336	86.016	168.501	82.928	-75.136	-169.977	-136.842	19.118	-174.114	58.851	-85.471	-163.456	160.958	-179.79	52.873	175.321	-179.876	-178.615	
64	-11.7072	528307	162.12	977	-83.468	155.816	-177.17	-173.2	79.374	-166.344	-154.336	86.016	168.501	82.928	-75.136	-169.977	-136.842	19.118	-174.114	58.851	-85.471	-163.456	160.958	-179.79	52.873	175.321	-179.876	-178.615	
65	-11.7072	536219	166.02	983	-83.468	155.816	-177.17	-173.2	79.374	-166.344	-154.336	86.016	168.501	82.928	-75.136	-169.977	-136.842	19.118	-174.114	58.851	-85.471	-163.456	160.958	-179.79	52.873	175.321	-179.876	-178.615	
66	-11.7072	545245	168.97	992	-83.468	155.816	-177.17	-173.2	79.374	-166.344	-154.336	86.016	168.501	82.928	-75.136	-169.977	-136.842	19.118	-174.114	58.851	-85.471	-163.456	160.958	-179.79	52.873	175.321	-179.876	-178.615	
67	-11.7072	552892	170.871	1000	-83.468	155.816	-177.17	-173.2	79.374	-166.344	-154.336	86.016	168.501	82.928	-75.136	-169.977	-136.842	19.118	-174.114	58.851	-85.471	-163.456	160.958	-179.79	52.873	175.321	-179.876	-178.615	
68	-11.7072	561890	172.92	1006	-83.468	155.816	-177.17	-173.2	79.374	-166.344	-154.336	86.016	168.501	82.928	-75.136	-169.977	-136.842	19.118	-174.114	58.851	-85.471	-163.456	160.958	-179.79	52.873	175.321	-179.876	-178.615	
69	-11.7072	570571	174.93	1013	-83.468	155.816	-177.17	-173.2	79.374	-166.344	-154.336	86.016	168.501	82.928	-75.136	-169.977	-136.842	19.118	-174.114	58.851	-85.471	-163.456	160.958	-179.79	52.873	175.321	-179.876	-178.615	
70	-11.7072	578066	177.95	1016	-83.468	155.816	-177.17	-173.2	79.374	-166.344	-154.336	86.016	168.501	82.928	-75.136	-169.977	-136.842	19.118	-174.114	58.851	-85.471	-163.456	160.958	-179.79	52.873	175.321	-179.876	-178.615	
71	-11.7072	585747	180.119	1024	-83.468	155.816	-177.17	-173.2	79.374	-166.344	-154.336	86.016	168.501	82.928	-75.136	-169.977	-136.842	19.118	-174.114	58.851	-85.471	-163.456	160.958	-179.79	52.873	175.321	-179.876	-178.615	
72	-11.7072	594123	182.18	1032	-83.468	155.816	-177.17	-173.2	79.374	-166.344	-154.336	86.016	168.501	82.928	-75.136	-169.977	-136.842	19.118	-174.114	58.851	-85.471	-163.456	160.958	-179.79	52.873	175.321	-179.876	-178.615	
73	-11.7072	602950	185.609	1039	-83.468	155.816	-177.17	-173.2	79.374	-166.344	-154.336	86.016	168.501	82.928	-75.136	-169.977	-136.842	19.118	-174.114	58.851	-85.471	-163.456	160.958	-179.79	52.873	175.321	-179.876	-178.615	
74	-11.7072	610804	188.588	1043	-83.468	155.816	-177.17	-173.2	79.374	-166.344	-154.336	86.016	168.501	82.928	-75.136	-169.977	-136.842	19.118	-174.114	58.851	-85.471	-163.456	160.958	-179.79	52.873	175.321	-179.876	-178.615	
75	-11.7072	619509	192.09	1056	-83.468	155.816	-177.17	-173.2	79.374	-166.344	-154.336	86.016	168.501	82.928	-75.136	-169.977	-136.842	19.118	-174.114	58.851	-85.471	-163.456	160.958	-179.79	52.873	175.321	-179.876	-178.615	
76	-11.7072	626885	195.421	1066	-83.468	155.816	-177.17	-173.2	79.374	-166.344	-154.336	86.016	168.501	82.928	-75.136	-169.977	-136.842	19.118	-174.114	58.851	-85.471	-163.456	160.958	-179.79	52.873	175.321	-179.876	-178.615	
77	-11.7072	634360	198.091	1071	-83.468	155.816	-177.17	-173.2	79.374	-166.344	-154.336	86.016	168.501	82.928	-75.136	-169.977	-136.842	19.118	-174.114	58.851	-85.471	-163.456	160.958	-179.79	52.873	175.321	-179.876	-178.615	
78	-11.7072	642997	200.351	1078	-83.468	155.816	-177.17	-173.2	79.374	-166.344	-154.336	86.016	168.501	82.928	-75.136	-169.977	-136.842	19.118	-174.114	58.851	-85.471	-163.456	160.958	-179.79	52.873	175.321	-179.876	-178.615	
79	-11.7072	651451	202.311	1081	-83.468	155.816	-177.17	-173.2	79.374	-166.344	-154.336	86.016	168.501	82.928	-75.136	-169.977	-136.842	19.118	-174.114	58.851	-85.471	-163.456	160.958	-179.79	52.873	175.321	-179.876	-178.615	
80	-11.7072	659461	204.132	1087	-83.468	155.816	-177.17	-173.2	79.374	-166.344	-154.336	86.016	168.501	82.928	-75.136	-169.977	-136.842	19.118	-174.114	58.851	-85.471	-163.456	160.958	-179.79	52.873	175.321	-179.876	-178.615	
81	-11.7072	667943	206.102	1094	-83.468	155.816	-177.17	-173.2	79.374	-166.344	-154.336	86.016	168.501	82.928	-75.136	-169.977	-136.842	19.118	-174.114	58.851	-85.471	-163.456	160.958	-179.79	52.873	175.321	-179.876	-178.615	
82	-11.7072	675834	207.924	1098	-83.468	155.816	-177.17	-173.2	79.374	-166.344	-154.336	86.016	168.501	82.928	-75.136	-169.977	-136.842	19.118	-174.114	58.851	-85.471	-163.456	160.958	-179.79	52.873	175.321	-179.876	-178.615	
83	-11.7072	683112	209.642	1104	-83.468	155.816	-177.17	-173.2	79.374	-166.344	-154.336	86.016	168.501	82.928	-75.136	-169.977	-136.842	19.118	-174.114	58.851	-85.471	-163.456	160.958	-179.79	52.873	175.321	-179.876	-178.615	
84	-11.7072	690155	211.312	1112	-83.468	155.816	-177.17	-173.2	79.374	-166.344	-154.336	86.016	168.501	82.928	-75.136	-169.977	-136.842	19.118	-174.114	58.851	-85.471	-163.456	160.958	-179.79	52.873	175.321	-179.876	-178.615	
85	-11.7072	697911	213.122	1120	-83.468	155.816	-177.17	-173.2	79.374	-166.344	-154.336	86.016	168.501	82.928	-75.136	-169.977	-136.842	19.118	-174.114	58.851	-85.471	-163.456	160.958	-179.79	52.873	175.321	-179.876	-178.615	
86	-11.7072	705977	215.013	1125	-83.468	155.816	-177.17	-173.2	79.374	-166.344	-154.336	86.016	168.501	82.928	-75.136	-169.977	-136.842	19.118	-174.114	58.851	-85.471	-163.456	160.958	-179.79	52.873	175.321	-179.876	-178.615	
87	-11.7072	714022	216.904	1130	-83.468	155.816	-177.17	-173.2	79.374	-166.344	-154.336	86.016	168.501	82.928	-75.136	-169.977	-136.842	19.118	-174.114	58.851	-85.471	-163.456	160.958	-179.79	52.873	175.321	-179.876	-178.615	
88	-11.7072	722169	221.474	1132	-83.468	155.816	-177.17	-173.2	79.374	-166.344	-154.336	86.016	168.501	82.928	-75.136	-169.977	-136.842	19.118	-174.114	58.851	-85.471	-163.456	160.958	-179.79	52.873	175.321	-179.876	-178.615	
89	-11.7072	730475	224.876	1134	-83.468	155.816	-177.17	-173.2	79.374	-166.344	-154.336	86.016	168.501	82.928	-75.136	-169.977	-136.842	19.118	-174.114	58.851	-85.471	-163.456	160.958	-179.79	52.873	175.321	-179.876	-178.615	
90	-11.7072	739064	227.247	1137	-83.468	155.816	-177.17	-173.2	79.374	-166.344	-154.336	86.016	168.501	82.928	-75.136	-169.977	-136.842	19.118	-174.114	58.851	-85.471	-163.456	160.958	-179.79	52.873	175.321	-179.876	-178.615	
91	-11.7072	747627	229.258	1143	-83.468	155.816	-177.17	-173.2	79.374	-166.344	-154.336	86.016	168.501	82.928	-75.136	-169.977	-136.842	19.118	-174.114	58.851	-85.471	-163.456	160.958	-179.79	52.873	175.321	-179.876	-178.615	
92	-11.7072	756214	231.228	1147	-83.468	155.816	-177.17	-173.2	79.374	-166.344	-154.336	86.016	168.501	82.928	-75.136	-169.977	-136.842	19.118	-174.114	58.851	-85.471	-163.456	160.958	-179.79	52.873	175.321	-179.876	-178.615	
93	-11.7072	765140	234.278	1153	-83.468	155.816	-177.17	-173.2	79.374	-166.344	-154.336	86.016	168.501	82.928	-75.136	-169.977	-136.842	19.118	-174.114	58.851	-85.471	-163.456	160.958	-179.79	52.873	175.321	-179.876	-178.615	
94	-11.7072	773313	237.426	1157	-83.468	155.816	-177.17	-173.2	79.374	-166.344	-154.336	86.016	168.501	82.928	-75.136	-169.977	-136.842	19.118	-174.114	58.851	-85.471	-163.456	160.958	-179.79	52.873	175.321	-179.876	-178.615	
95	-11.7072	781793	239.758	1159	-83.468	155.816	-177.17	-173.2	79.374	-166.344	-154.336	86.016	168.501	82.928	-75.136	-169.977	-136.842	19.118	-174.114	58.851	-85.471	-163.456	160.958	-179.79	52.873	175.321	-179.876	-178.615	
96	-11.7072	789625	241.648	1162	-83.468	155.816	-177.17	-173.2	79.374	-166.344	-154.336	86.016	168.501	82.928	-75.136	-169.977	-136.842	19.118	-174.114	58.851	-85.471	-163.456	160.958	-179.79	52.873	175.321	-179.876	-178.615	
97	-11.7072	797227	243.409	1167	-83.468	155.816	-177.17	-173.2	79.374	-166.344	-154.336	86.016	168.501	82.928	-75.136	-169.977	-136.842	19.118	-174.114	58.851	-85.471	-163.456	160.958	-179.79	52.873	175.321	-179.876	-178.615	
98	-11.7072	805189	245.227	1171	-83.468	155.816	-177.17	-173.2	79.374	-166.344	-154.336	86.016	168.501	82.928	-75.136	-169.977	-136.842	19.118	-174.114	58.851	-85.471	-163.456	160.958	-179.79	52.873	175.321	-179.876	-178.615	
99	-11.7072	813102	247.065	1180	-83.468	155.816	-177.17	-173.2	79.374	-166.344	-154.336	86.016	168.501	82.928	-75.136	-169.977	-136.842	19.118	-174.114	58.851	-85.471	-163.456	160.958	-179.79	52.873	175.321	-179.876	-178.615	
100	-11.7072	821538	248.996	1185	-83.468	155.816	-177.17	-173.2	79.374	-166.344	-154.336	86.016	168.501	82.928	-75.136	-169.977	-136.842	19.118	-174.114	58.851	-85.471	-163.456	160.958	-179.79	52.873	175.321	-179.876	-178.615	
101	-11.7072	830001	250.967	1188	-83.468	155.816	-177.17	-173.2	79.374	-166.344	-154.336	86.016	168.501	82.928	-75.136	-169.977	-136.842	19.118	-174.114	58.851	-85.471	-163.456	160.958	-179.79	52.873	175.321	-179.876	-178.615	
102	-11.7072	838151	252.836	1192	-83.468	155.816	-177.17	-173.2	79.374	-166.344	-154.336	86.016	168.501	82.928	-75.136	-169.977	-136.842	19.118	-174.114	58.851	-85.471	-163.456	160.958	-179.79	52.873	175.321	-179.876	-178.615	
103	-11.7072	846472	256.908	1197	-83.468	155.816	-177.17	-173.2	79.374	-166.344	-154.336	86.016	168.501	82.928	-75.136	-169.977	-136.842	19.118	-174.114	58.851	-85.471	-163.456	160.958	-179.79	52.873	175.321	-179.876	-178.615	
104	-11.7072	855241	259.96	1200	-83.468	155.816	-177.17	-173.2	79.374	-166.344	-154.336	86.016	168.501	82.928	-75.136	-169.977	-136.842	19.118	-174.114	58.851	-85.471	-163.456	160.958	-179.79	52.873	175.321	-179.876	-178.615	
105	-11.7072	863580	262.54	1201	-83.468	155.816	-177.17	-173.2	79.374	-166.344	-154.336	86.016	168.501	82.928	-75.136	-169.977	-136.842	19.118	-174.114	58.851	-85.471	-163.456	160.958	-179.79	52.873	175.321	-179.876	-178.615	
106	-11.7072	872828	265.83	1202	-83.468	155.816	-177.17	-173.2	79.374	-166.344	-154.336	86.016	168.501	82.928	-75.136	-169.977	-136.842	19.118	-174.114	58.851	-85.471	-163.456	160.958	-179.79	52.873	175.321	-179.876	-178.615	
107	-11.7072	881285	269.342	1207	-83.468	155.816	-177.17	-173.2	79.374	-166.344	-154.336	86.016	168.501	82.928	-75.136	-169.977	-136.842	19.118	-174.114	58.851	-85.471	-163.456	160.958	-179.79	52.873	175.321	-179.876	-178.615	
108	-11.7072	889762	272.031	1214	-83.468	155.816	-177.17	-173.2	79.374	-166.344	-154.336	86.016	168.501	82.928	-75.136	-169.977	-136.842	19.118	-174.114	58.851	-85.471	-163.456	160.958	-179.79	52.873	175.321	-179.876	-178.615	
109	-11.7072	897087	273.842	1217	-83.468	155.816	-177.17	-173.2	79.374	-166.344	-154.336	86.016	168.501	82.928	-75.136	-169.977	-136.842	19.118	-174.114	58.851	-85.471	-163.456	160.958	-179.79	52.873	175.321	-179.876	-178.615	
110	-11.7072	904975	275.65	1219	-83.468	155.816	-177.17	-173.2	79.374	-166.344	-154.336	86.016	168.501	82.928	-75.136	-169.977	-136.842	19.118	-174.114	58.851	-85.471	-163.456	160.958	-179.79	52.873	175.321	-179.876	-178.615	
111	-11.7072	913393	278.449	1223	-83.468	155.816	-177.17	-173.2	79.374	-166.344	-154.336	86.016	168.501	82.928	-75.136	-169.977	-136.842	19.118	-174.114	58.851	-85.471	-163.456	160.958	-179.79	52.873	175.321	-179.876	-178.615	
112	-11.7072	921685	282.077	1229	-83.468	155.816	-177.17	-173.2	79.374	-166.344	-154.336	86.016	168.501	82.928	-75.136	-169.977	-136.842	19.118	-174.114	58.851	-85.471	-163.456	160.958	-179.79	52.873	175.321	-179.876	-178.615	
113	-11.7072	930613	285.479	1234	-83.468	155.816	-177.17	-173.2	79.374	-166.344	-154.336	86.016	168.501	82.928	-75.136	-169.977	-136.842	19.118	-174.114	58.851	-85.471	-163.456	160.958	-179.79	52.873	175.321	-179.876	-178.615	
114	-11.7072	938349	287.779	1238	-83.468	155.816	-177.17	-173.2	79.374	-166.344	-154.336	86.016	168.501	82.928	-75.136	-169.977	-136.842	19.118	-174.114	58.851	-85.471	-163.456	160.958	-179.79	52.873	175.321	-179.876	-178.615	
115	-11.7072	945451	289.618	1241	-83.468	155.816	-177.17	-173.2	79.374	-166.344	-154.336	86.016	168.501	82.928	-75.136	-169.977	-136.842	19.118	-174.114	58.851	-85.471	-163.456	160.958	-179.79	52.873	175.321	-179.876	-178.615	
116	-11.7072	953594	293.469	1245	-83.468	155.816	-177.17	-173.2	79.374	-166.344	-154.336	86.016	168.501	82.928	-75.136	-169.977	-136.842	19.118	-174.114	58.851	-85.471	-163.456	160.958	-179.79	52.873	175.321	-179.876	-178.615	
117	-11.7072	961660	296.127	1247	-83.468	155.816	-177.17	-173.2	79.374	-166.344	-154.336	86.016	168.501	82.928	-75.136	-169.977	-136.842	19.118	-174.114	58.851	-85.471	-163.456	160.958	-179.79	52.873	175.321	-179.876	-178.615	
118	-11.7072	969095	297.999	1251	-83.468	155.816	-177.17	-173.2	79.374	-166.344	-154.336	86.016	168.501	82.928	-75.136	-169.977	-136.842	19.118	-174.114	58.851	-85.471	-163.456	160.958	-179.79	52.873	175.321	-179.876	-178.615	
119	-11.7072	977775	299.981	1255	-83.468	155.816	-177.17	-173.2	79.374	-166.344	-154.336	86.016	168.501	82.928	-75.136	-169.977	-136.842	19.118	-174.114	58.851	-85.471	-163.456	160.958	-179.79	52.873	175.321	-179.876	-178.615	
120	-11.7072	985964	303.349	1259	-83.468	155.816	-177.17	-173.2	79.374	-166.344	-154.336	86.016	168.501	82.928	-75.136	-169.977	-136.842	19.118	-174.114	58.851	-85.471	-163.456	160.958	-179.79	52.873	175.321	-179.876	-178.615	
121	-11.7072	993760	305.589	1263	-83.468	155.816	-177.17	-173.2	79.374	-166.344	-154.336	86.016	168.501	82.928	-75.136	-169.977	-136.842	19.118	-174.114	58.851	-85.471	-163.456	160.958	-179.79	52.873	175.321	-179.876	-178.615	
122	-11.7072	1.00075e+006	307.629	1266	-83.468	155.816	-177.17	-173.2	79.374	-166.344	-154.336	86.016	168.501	82.928	-75.136	-169.977	-136.842	19.118	-174.114	58.851	-85.471	-163.456	160.958	-179.79	52.873	175.321	-179.876	-178.615	
123	-11.7072	1.00909e+006	311.308	1271	-83.468	155.816	-177.17	-173.2	79.374	-166.344	-154.336	86.016	168.501	82.928	-75.136	-169.977	-136.842	19.118	-174.114	58.851	-85.471	-163.456	160.958	-179.79	52.873	175.321	-179.876	-178.615	
124	-11.7072	1.01768e+006	313.918	1271	-83.468	155.816	-177.17	-173.2	79.374	-166.344	-154.336	86.016	168.501	82.928	-75.136	-169.977	-136.842	19.118	-174.114	58.851	-85.471	-163.456	160.958	-179.79	52.873	175.321	-179.876	-178.615	
125	-11.7072	1.02681e+006	316.279	1272	-83.468	155.816	-177.17	-173.2	79.374	-166.344	-154.336	86.016	168.501	82.928	-75.136	-169.977	-136.842	19.118	-174.114	58.851	-85.471	-163.456	160.958	-179.79	52.873	175.321	-179.876	-178.615	
126	-11.7072	1.03421e+006	319.648	1276	-83.468	155.816	-177.17	-173.2	79.374	-166.344	-154.336	86.016	168.501	82.928	-75.136	-169.977	-136.842	19.118	-174.114	58.851	-85.471	-163.456	160.958	-179.79	52.873	175.321	-179.876	-178.615	
127	-11.7072	1.04285e+006	322.177	1277	-83.468	155.816	-177.17	-173.2	79.374	-166.344	-154.336	86.016	168.501	82.928	-75.136	-169.977	-136.842	19.118	-174.114	58.851	-85.471	-163.456	160.958	-179.79	52.873	175.321	-179.876	-178.615	
128	-11.7072	1.05078e+006	324.058	1279	-83.468	155.816	-177.17	-173.2	79.374	-166.344	-154.336	86.016	168.501	82.928	-75.136	-169.977	-136.842	19.118	-174.114	58.851	-85.471	-163.456	160.958	-179.79	52.873	175.321	-179.876	-178.615	
129	-11.7072	1.05895e+006	325.95	1281	-83.468	155.816	-177.17	-173.2	79.374	-166.344	-154.336	86.016	168.501	82.928	-75.136	-169.977	-136.842	19.118	-174.114	58.851	-85.471	-163.456	160.958	-179.79	52.873	175.321	-179.876	-178.615	
130	-11.7072	1.06632e+006	327.712	1286	-83.468	155.816	-177.17	-173.2	79.374	-166.344	-154.336	86.016	168.501	82.928	-75.136	-169.977	-136.842	19.118	-174.114	58.851	-85.471	-163.456	160.958	-179.79	52.873	175.321	-179.876	-178.615	
131	-11.7072	1.07403e+006	329.523	1290	-83.468	155.816	-177.17	-173.2	79.374	-166.344	-154.336	86.016	168.501	82.928	-75.136	-169.977	-136.842	19.118	-174.114	58.851	-85.471	-163.456	160.958	-179.79	52.873	175.321	-179.876	-178.615	
132	-11.7072	1.08123e+006	331.243	1294	-83.468	155.816	-177.17	-173.2	79.374	-166.344	-154.336	86.016	168.501	82.928	-75.136	-169.977	-136.842	19.118	-174.114	58.851	-85.471	-163.456	160.958	-179.79	52.873	175.321	-179.876	-178.615	
133	-11.7072	1.08858e+006	332.951	1297	-83.468	155.816	-177.17	-173.2	79.374	-166.344	-154.336	86.016	168.501	82.928	-75.136	-169.977	-136.842	19.118	-174.114	58.851	-85.471	-163.456	160.958	-179.79	52.873	175.321	-179.876	-178.615	
134	-11.7072	1.09727e+006	334.949	1299	-83.468	155.816	-177.17	-173.2	79.374	-166.344	-154.336	86.016	168.501	82.928	-75.136	-169.977	-136.842	19.118	-174.114	58.851	-85.471	-163.456	160.958	-179.79	52.873	175.321	-179.876	-178.615	
135	-11.7072	1.10493e+006	336.709	1306	-83.468	155.816	-177.17	-173.2	79.374	-166.344	-154.336	86.016	168.501	82.928	-75.136	-169.977	-136.842	19.118	-174.114	58.851	-85.471	-163.456	160.958	-179.79	52.873	175.321	-179.876	-178.615	
136	-11.7072	1.11202e+006	338.379	1308	-83.468	155.816	-177.17	-173.2	79.374	-166.344	-154.336	86.016	168.501	82.928	-75.136	-169.977	-136.842	19.118	-174.114	58.851	-85.471	-163.456	160.958	-179.79	52.873	175.321	-179.876	-178.615	
137	-11.7072	1.1197e+006	342.14	1309	-83.468	155.816	-177.17	-173.2	79.374	-166.344	-154.336	86.016	168.501	82.928	-75.136	-169.977	-136.842	19.118	-174.114	58.851	-85.471	-163.456	160.958	-179.79	52.873	175.321	-179.876	-178.615	
138	-11.7072	1.12803e+006	345.979	1309	-83.468	155.816	-177.17	-173.2	79.374	-166.344	-154.336	86.016	168.501	82.928	-75.136	-169.977	-136.842	19.118	-174.114	58.851	-85.471	-163.456	160.958	-179.79	52.873	175.321	-179.876	-178.615	
139	-11.7072	1.13608e+006	349.16	1313	-83.468	155.816	-177.17	-173.2	79.374	-166.344	-154.336	86.016	168.501	82.928	-75.136	-169.977	-136.842	19.118	-174.114	58.851	-85.471	-163.456	160.958	-179.79	52.873	175.321	-179.876	-178.615	
140	-11.7072	1.14448e+006	352.83	1315	-83.468	155.816	-177.17	-173.2	79.374	-166.344	-154.336	86.016	168.501	82.928	-75.136	-169.977	-136.842	19.118	-174.114	58.851	-85.471	-163.456	160.958	-179.79	52.873	175.321	-179.876	-178.615	
141	-11.7072	1.15196e+006	354.999	1315	-83.468	155.816	-177.17	-173.2	79.374	-166.344	-154.336	86.016	168.501	82.928	-75.136	-169.977	-136.842	19.118	-174.114	58.851	-85.471	-163.456	160.958	-179.79	52.873	175.321	-179.876	-178.615	
142	-11.7072	1.16069e+006	357.389	1318	-83.468	155.816	-177.17	-173.2	79.374	-166.344	-154.336	86.016	168.501	82.928	-75.136	-169.977	-136.842	19.118	-174.114	58.851	-85.471	-163.456	160.958	-179.79	52.873	175.321	-179.876	-178.615	
143	-11.7072	1.16879e+006	360.75	1322	-83.468	155.816	-177.17	-173.2	79.374	-166.344	-154.336	86.016	168.501	82.928	-75.136	-169.977	-136.842	19.118	-174.114	58.851	-85.471	-163.456	160.958	-179.79	52.873	175.321	-179.876	-178.615	
144	-11.7072	1.17769e+006	363.279	1323	-83.468	155.816	-177.17	-173.2	79.374	-166.344	-154.336	86.016	168.501	82.928	-75.136	-169.977	-136.842	19.118	-174.114	58.851	-85.471	-163.456	160.958	-179.79	52.873	175.321	-179.876	-178.615	
145	-11.7072	1.18661e+006	365.321	1323	-83.468	155.816	-177.17	-173.2	79.374	-166.344	-154.336	86.016	168.501	82.928	-75.136	-169.977	-136.842	19.118	-174.114	58.851	-85.471	-163.456	160.958	-179.79	52.873	175.321	-179.876	-178.615	
146	-11.7072	1.19449e+006	367.141	1326	-83.468	155.816	-177.17	-173.2	79.374	-166.344	-154.336	86.016	168.501	82.928	-75.136	-169.977	-136.842	19.118	-174.114	58.851	-85.471	-163.456	160.958	-179.79	52.873	175.321	-179.876	-178.615	
147	-11.7072	1.20273e+006	369.082	1333	-83.468	155.816	-177.17	-173.2	79.374	-166.344	-154.336	86.016	168.501	82.928	-75.136	-169.977	-136.842	19.118	-174.114	58.851	-85.471	-163.456	160.958	-179.79	52.873	175.321	-179.876	-178.615	
148	-11.7072	1.21059e+006	370.921	1336	-83.468	155.816	-177.17	-173.2	79.374	-166.344	-154.336	86.016	168.501	82.928	-75.136	-169.977	-136.842	19.118	-174.114	58.851	-85.471	-163.456	160.958	-179.79	52.873	175.321	-179.876	-178.615	
149	-11.7072	1.21872e+006	372.822	1338	-83.468	155.816	-177.17	-173.2	79.374	-166.344	-154.336	86.016	168.501	82.928	-75.136	-169.977	-136.842	19.118	-174.114	58.851	-85.471	-163.456	160.958	-179.79	52.873	175.321	-179.876	-178.615	
150	-11.7072	1.22845e+006	375.553	1343	-83.468	155.816	-177.17	-173.2	79.374	-166.344	-154.336	86.016	168.501	82.928	-75.136	-169.977	-136.842	19.118	-174.114	58.851	-85.471	-163.456	160.958	-179.79	52.873	175.321	-179.876	-178.615	
151	-11.7072	1.23664e+006	378.625	1350	-83.468	155.816	-177.17	-173.2	79.374	-166.344	-154.336	86.016	168.501	82.928	-75.136	-169.977	-136.842	19.118	-174.114	58.851	-85.471	-163.456	160.958	-179.79	52.873	175.321	-179.876	-178.615	
152	-11.7072	1.24456e+006	380.765	1355	-83.468	155.816	-177.17	-173.2	79.374	-166.344	-154.336	86.016	168.501	82.928	-75.136	-169.977	-136.842	19.118	-174.114	58.851	-85.471	-163.456	160.958	-179.79	52.873	175.321	-179.876	-178.615	
153	-11.7072	1.25272e+006	384.524	1356	-83.468	155.816	-177.17	-173.2	79.374	-166.344	-154.336	86.016	168.501	82.928	-75.136	-169.977	-136.842	19.118	-174.114	58.851	-85.471	-163.456	160.958	-179.79	52.873	175.321	-179.876	-178.615	
154	-11.7072	1.2601e+006	387.055	1358	-83.468	155.816	-177.17	-173.2	79.374	-166.344	-154.336	86.016	168.501	82.928	-75.136	-169.977	-136.842	19.118	-174.114	58.851	-85.471	-163.456	160.958	-179.79	52.873	175.321	-179.876	-178.615	
155	-11.7072	1.26794e+006	389.034	1361	-83.468	155.816	-177.17	-173.2	79.374	-166.344	-154.336	86.016	168.501	82.928	-75.136	-169.977	-136.842	19.118	-174.114	58.851	-85.471	-163.456	160.958	-179.79	52.873	175.321	-179.876	-178.615	
156	-11.7072	1.27641e+006	392.493	1361	-83.468	155.816	-177.17	-173.2	79.374	-166.344	-154.336	86.016	168.501	82.928	-75.136	-169.977	-136.842	19.118	-174.114	58.851	-85.471	-163.456	160.958	-179.79	52.873	175.321	-179.876	-178.615	
157	-11.7072	1.28424e+006	394.582	1364	-83.468	155.816	-177.17	-173.2	79.374	-166.344	-154.336	86.016	168.501	82.928	-75.136	-169.977	-136.842	19.118	-174.114	58.851	-85.471	-163.456	160.958	-179.79	52.873	175.321	-179.876	-178.615	
158	-11.7072	1.292e+006	396.473	1366	-83.468	155.816	-177.17	-173.2	79.374	-166.344	-154.336	86.016	168.501	82.928	-75.136	-169.977	-136.842	19.118	-174.114	58.851	-85.471	-163.456	160.958	-179.79	52.873	175.321	-179.876	-178.615	
159	-11.7072	1.2996e+006	398.253	1370	-83.468	155.816	-177.17	-173.2	79.374	-166.344	-154.336	86.016	168.501	82.928	-75.136	-169.977	-136.842	19.118	-174.114	58.851	-85.471	-163.456	160.958	-179.79	52.873	175.321	-179.876	-178.615	
160	-11.7072	1.30861e+006	400.324	1372	-83.468	155.816	-177.17	-173.2	79.374	-166.344	-154.336	86.016	168.501	82.928	-75.136	-169.977	-136.842	19.118	-174.114	58.851	-85.471	-163.456	160.958	-179.79	52.873	175.321	-179.876	-178.615	
161	-11.7072	1.3173e+006	404.564	1374	-83.468	155.816	-177.17	-173.2	79.374	-166.344	-154.336	86.016	168.501	82.928	-75.136	-169.977	-136.842	19.118	-174.114	58.851	-85.471	-163.456	160.958	-179.79	52.873	175.321	-179.876	-178.615	
162	-11.7072	1.32438e+006	407.004	1378	-83.468	155.816	-177.17	-173.2	79.374	-166.344	-154.336	86.016	168.501	82.928	-75.136	-169.977	-136.842	19.118	-174.114	58.851	-85.471	-163.456	160.958	-179.79	52.873	175.321	-179.876	-178.615	
163	-11.7072	1.33227e+006	408.952	1381	-83.468	155.816	-177.17	-173.2	79.374	-166.344	-154.336	86.016	168.501	82.928	-75.136	-169.977	-136.842	19.118	-174.114	58.851	-85.471	-163.456	160.958	-179.79	52.873	175.321	-179.876	-178.615	
164	-11.7072	1.33986e+006	411.823	1385	-83.468	155.816	-177.17	-173.2	79.374	-166.344	-154.336	86.016	168.501	82.928	-75.136	-169.977	-136.842	19.118	-174.114	58.851	-85.471	-163.456	160.958	-179.79	52.873	175.321	-179.876	-178.615	
165	-11.7072	1.34841e+006	415.472	1385	-83.468	155.816	-177.17	-173.2	79.374	-166.344	-154.336	86.016	168.501	82.928	-75.136	-169.977	-136.842	19.118	-174.114	58.851	-85.471	-163.456	160.958	-179.79	52.873	175.321	-179.876	-178.615	
166	-11.7072	1.35652e+006	418.411	1390	-83.468	155.816	-177.17	-173.2	79.374	-166.344	-154.336	86.016	168.501	82.928	-75.136	-169.977	-136.842	19.118	-174.114	58.851	-85.471	-163.456	160.958	-179.79	52.873	175.321	-179.876	-178.615	
167	-11.7072	1.36443e+006	420.509	1393	-83.468	155.816	-177.17	-173.2	79.374	-166.344	-154.336	86.016	168.501	82.928	-75.136	-169.977	-136.842	19.118	-174.114	58.851	-85.471	-163.456	160.958	-179.79	52.873	175.321	-179.876	-178.615	
168	-11.7072	1.37184e+006	422.241	1395	-83.468	155.816	-177.17	-173.2	79.374	-166.344	-154.336	86.016	168.501	82.928	-75.136	-169.977	-136.842	19.118	-174.114	58.851	-85.471	-163.456	160.958	-179.79	52.873	175.321	-179.876	-178.615	
169	-11.7072	1.37988e+006	424.11	1399	-83.468	155.816	-177.17	-173.2	79.374	-166.344	-154.336	86.016	168.501	82.928	-75.136	-169.977	-136.842	19.118	-174.114	58.851	-85.471	-163.456	160.958	-179.79	52.873	175.321	-179.876	-178.615	
170	-11.7072	1.38798e+006	427.479	1400	-83.468	155.816	-177.17	-173.2	79.374	-166.344	-154.336	86.016	168.501	82.928	-75.136	-169.977	-136.842	19.118	-174.114	58.851	-85.471	-163.456	160.958	-179.79	52.873	175.321	-179.876	-178.615	
171	-11.7072	1.39514e+006	429.911	1401	-83.468	155.816	-177.17	-173.2	79.374	-166.344	-154.336	86.016	168.501	82.928	-75.136	-169.977	-136.842	19.118	-174.114	58.851	-85.471	-163.456	160.958	-179.79	52.873	175.321	-179.876	-178.615	
172	-11.7072	1.40273e+006	431.859	1402	-83.468	155.816	-177.17	-173.2	79.374	-166.344	-154.336	86.016	168.501	82.928	-75.136	-169.977	-136.842	19.118	-174.114	58.851	-85.471	-163.456	160.958	-179.79	52.873	175.321	-179.876	-178.615	
173	-11.7072	1.41088e+006	434.248	1404	-83.468	155.816	-177.17	-173.2	79.374	-166.344	-154.336	86.016	168.501	82.928	-75.136	-169.977	-136.842	19.118	-174.114	58.851	-85.471	-163.456	160.958	-179.79	52.873	175.321	-179.876	-178.615	
174	-11.7072	1.41853e+006	437.237	1404	-83.468	155.816	-177.17	-173.2	79.374	-166.344	-154.336	86.016	168.501	82.928	-75.136	-169.977	-136.842	19.118	-174.114	58.851	-85.471	-163.456	160.958	-179.79	52.873	175.321	-179.876	-178.615	
175	-11.7072	1.42633e+006	439.497	1408	-83.468	155.816	-177.17	-173.2	79.374	-166.344	-154.336	86.016	168.501	82.928	-75.136	-169.977	-136.842	19.118	-174.114	58.851	-85.471	-163.456	160.958	-179.79	52.873	175.321	-179.876	-178.615	
176	-11.7072	1.43448e+006	441.526	1413	-83.468	155.816	-177.17	-173.2	79.374	-166.344	-154.336	86.016	168.501	82.928	-75.136	-169.977	-136.842	19.118	-174.114	58.851	-85.471	-163.456	160.958	-179.79	52.873	175.321	-179.876	-178.615	
177	-11.7072	1.44208e+006	443.286	1415	-83.468	155.816	-177.17	-173.2	79.374	-166.344	-154.336	86.016	168.501	82.928	-75.136	-169.977	-136.842	19.118	-174.114	58.851	-85.471	-163.456	160.958	-179.79	52.873	175.321	-179.876	-178.615	
178	-11.7072	1.44981e+006	445.044	1416	-83.468	155.816	-177.17	-173.2	79.374	-166.344	-154.336	86.016	168.501	82.928	-75.136	-169.977	-136.842	19.118	-174.114	58.851	-85.471	-163.456	160.958	-179.79	52.873	175.321	-179.876	-178.615	
179	-11.7072	1.45773e+006	446.883	1418	-83.468	155.816	-177.17	-173.2	79.374	-166.344	-154.336	86.016	168.501	82.928	-75.136	-169.977	-136.842	19.118	-174.114	58.851	-85.471	-163.456	160.958	-179.79	52.873	175.321	-179.876	-178.615	
180	-11.7072	1.46517e+006	450.411	1418	-83.468	155.816	-177.17	-173.2	79.374	-166.344	-154.336	86.016	168.501	82.928	-75.136	-169.977	-136.842	19.118	-174.114	58.851	-85.471	-163.456	160.958	-179.79	52.873	175.321	-179.876	-178.615	
181	-11.7072	1.47327e+006	453.89	1423	-83.468	155.816	-177.17	-173.2	79.374	-166.344	-154.336	86.016	168.501	82.928	-75.136	-169.977	-136.842	19.118	-174.114	58.851	-85.471	-163.456	160.958	-179.79	52.873	175.321	-179.876	-178.615	
182	-11.7072	1.48109e+006	456.161	1428	-83.468	155.816	-177.17	-173.2	79.374	-166.344	-154.336	86.016	168.501	82.928	-75.136	-169.977	-136.842	19.118	-174.114	58.851	-85.471	-163.456	160.958	-179.79	52.873	175.321	-179.876	-178.615	
183	-11.7072	1.48951e+006	458.17	1429	-83.468	155.816	-177.17	-173.2	79.374	-166.344	-154.336	86.016	168.501	82.928	-75.136	-169.977	-136.842	19.118	-174.114	58.851	-85.471	-163.456	160.958	-179.79	52.873	175.321	-179.876	-178.615	
184	-11.7072	1.49761e+006	460.039	1430	-83.468	155.816	-177.17	-173.2	79.374	-166.344	-154.336	86.016	168.501	82.928	-75.136	-169.977	-136.842	19.118	-174.114	58.851	-85.471	-163.456	160.958	-179.79	52.873	175.321	-179.876	-178.615	
185	-11.7072	1.50528e+006	461.927	1431	-83.468	155.816	-177.17	-173.2	79.374	-166.344	-154.336	86.016	168.501	82.928	-75.136	-169.977	-136.842	19.118	-174.114	58.851	-85.471	-163.456	160.958	-179.79	52.873	175.321	-179.876	-178.615	
186	-11.7072	1.51248e+006	465.297	1431	-83.468	155.816	-177.17	-173.2	79.374	-166.344	-154.336	86.016	168.501	82.928	-75.136	-169.977	-136.842	19.118	-174.114	58.851	-85.471	-163.456	160.958	-179.79	52.873	175.321	-179.876	-178.615	
187	-11.7072	1.51972e+006	467.517	1437	-83.468	155.816	-177.17	-173.2	79.374	-166.344	-154.336	86.016	168.501	82.928	-75.136	-169.977	-136.842	19.118	-174.114	58.851	-85.471	-163.456	160.958	-179.79	52.873	175.321	-179.876	-178.615	
188	-11.7072	1.52709e+006	469.357	1440	-83.468	155.816	-177.17	-173.2	79.374	-166.344	-154.336	86.016	168.501	82.928	-75.136	-169.977	-136.842	19.118	-174.114	58.851	-85.471	-163.456	160.958	-179.79	52.873	175.321	-179.876	-178.615	
189	-11.7072	1.53467e+006	471.106	1443	-83.468	155.816	-177.17	-173.2	79.374	-166.344	-154.336	86.016	168.501	82.928	-75.136	-169.977	-136.842	19.118	-174.114	58.851	-85.471	-163.456	160.958	-179.79	52.873	175.321	-179.876	-178.615	
190	-11.7072	1.5422e+006	472.835	1445	-83.468	155.816	-177.17	-173.2	79.374	-166.344	-154.336	86.016	168.501	82.928	-75.136	-169.977	-136.842	19.118	-174.114	58.851	-85.471	-163.456	160.958	-179.79	52.873	175.321	-179.876	-178.615	
191	-11.7072	1.55028e+006	474.673	1447	-83.468	155.816	-177.17	-173.2	79.374	-166.344	-154.336	86.016	168.501	82.928	-75.136	-169.977	-136.842	19.118	-174.114	58.851	-85.471	-163.456	160.958	-179.79	52.873	175.321	-179.876	-178.615	
192	-11.7072	1.55785e+006	476.414	1447	-83.468	155.816	-177.17	-173.2	79.374	-166.344	-154.336	86.016	168.501	82.928	-75.136	-169.977	-136.842	19.118	-174.114	58.851	-85.471	-163.456	160.958	-179.79	52.873	175.321	-179.876	-178.615	
193	-11.7072	1.56567e+006	479.893	1449	-83.468	155.816	-177.17	-173.2	79.374	-166.344	-154.336	86.016	168.501	82.928	-75.136	-169.977	-136.842	19.118	-174.114	58.851	-85.471	-163.456	160.958	-179.79	52.873	175.321	-179.876	-178.615	
194	-11.7072	1.57408e+006	483.904	1453	-83.468	155.816	-177.17	-173.2	79.374	-166.344	-154.336	86.016	168.501	82.928	-75.136	-169.977	-136.842	19.118	-174.114	58.851	-85.471	-163.456	160.958	-179.79	52.873	175.321	-179.876	-178.615	
195	-11.7072	1.58163e+006	487.582	1453	-83.468	155.816	-177.17	-173.2	79.374	-166.344	-154.336	86.016	168.501	82.928	-75.136	-169.977	-136.842	19.118	-174.114	58.851	-85.471	-163.456	160.958	-179.79	52.873	175.321	-179.876	-178.615	
196	-11.7072	1.58912e+006	491.073	1455	-83.468	155.816	-177.17	-173.2	79.374	-166.344	-154.336	86.016	168.501	82.928	-75.136	-169.977	-136.842	19.118	-174.114	58.851	-85.471	-163.456	160.958	-179.79	52.873	175.321	-179.876	-178.615	
197	-11.7072	1.59669e+006	495.503	1455	-83.468	155.816	-177.17	-173.2	79.374	-166.344	-154.336	86.016	168.501	82.928	-75.136	-169.977	-136.842	19.118	-174.114	58.851	-85.471	-163.456	160.958	-179.79	52.873	175.321	-179.876	-178.615	
198	-11.7072	1.60422e+006	499.211	1456	-83.468	155.816	-177.17	-173.2	79.374	-166.344	-154.336	86.016	168.501	82.928	-75.136	-169.977	-136.842	19.118	-174.114	58.851	-85.471	-163.456	160.958	-179.79	52.873	175.321	-179.876	-178.615	
199	-11.7072	1.61272e+006	501.933	1457	-83.468	155.816	-177.17	-173.2	79.374	-166.344	-154.336	86.016	168.501	82.928	-75.136	-169.977	-136.842	19.118	-174.114	58.851	-85.471	-163.456	160.958	-179.79	52.873	175.321	-179.876	-178.615	
200	-11.7072	1.62147e+006	506.301	1458	-83.468	155.816	-177.17	-173.2	79.374	-166.344	-154.336	86.016	168.501	82.928	-75.136	-169.977	-136.842	19.118	-174.114	58.851	-85.471	-163.456	160.958	-179.79	52.873	175.321	-179.876	-178.615	
201	-11.7072	1.62903e+006	509.102	1462	-83.468	155.816	-177.17	-173.2	79.374	-166.344	-154.336	86.016	168.501	82.928	-75.136	-169.977	-136.842	19.118	-174.114	58.851	-85.471	-163.456	160.958	-179.79	52.873	175.321	-179.876	-178.615	
202	-11.7072	1.63742e+006	511.313	1463	-83.468	155.816	-177.17	-173.2	79.374	-166.344	-154.336	86.016	168.501	82.928	-75.136	-169.977	-136.842	19.118	-174.114	58.851	-85.471	-163.456	160.958	-179.79	52.873	175.321	-179.876	-178.615	
203	-11.7072	1.6456e+006	513.223	1463	-83.468	155.816	-177.17	-173.2	79.374	-166.344	-154.336	86.016	168.501	82.928	-75.136	-169.977	-136.842	19.118	-174.114	58.851	-85.471	-163.456	160.958	-179.79	52.873	175.321	-179.876	-178.615	
204	-11.7072	1.6529e+006	514.933	1464	-83.468	155.816	-177.17	-173.2	79.374	-166.344	-154.336	86.016	168.501	82.928	-75.136	-169.977	-136.842	19.118	-174.114	58.851	-85.471	-163.456	160.958	-179.79	52.873	175.321	-179.876	-178.615	
205	-11.7072	1.66062e+006	518.584	1467	-83.468	155.816	-177.17	-173.2	79.374	-166.344	-154.336	86.016	168.501	82.928	-75.136	-169.977	-136.842	19.118	-174.114	58.851	-85.471	-163.456	160.958	-179.79	52.873	175.321	-179.876	-178.615	
206	-11.7072	1.66847e+006	521.854	1468	-83.468	155.816	-177.17	-173.2	79.374	-166.344	-154.336	86.016	168.501	82.928	-75.136	-169.977	-136.842	19.118	-174.114	58.851	-85.471	-163.456	160.958	-179.79	52.873	175.321	-179.876	-178.615	
207	-11.7072	1.67755e+006	525.833	1469	-83.468	155.816	-177.17	-173.2	79.374	-166.344	-154.336	86.016	168.501	82.928	-75.136	-169.977	-136.842	19.118	-174.114	58.851	-85.471	-163.456	160.958	-179.79	52.873	175.321	-179.876	-178.615	
208	-11.7072	1.68537e+006	529.731	1471	-83.468	155.816	-177.17	-173.2	79.374	-166.344	-154.336	86.016	168.501	82.928	-75.136	-169.977	-136.842	19.118	-174.114	58.851	-85.471	-163.456	160.958	-179.79	52.873	175.321	-179.876	-178.615	
209	-11.7072	1.69375e+006	533	1472	-83.468	155.816	-177.17	-173.2	79.374	-166.344	-154.336	86.016	168.501	82.928	-75.136	-169.977	-136.842	19.118	-174.114	58.851	-85.471	-163.456	160.958	-179.79	52.873	175.321	-179.876	-178.615	
210	-11.7072	1.70141e+006	535.271	1474	-83.468	155.816	-177.17	-173.2	79.374	-166.344	-154.336	86.016	168.501	82.928	-75.136	-169.977	-136.842	19.118	-174.114	58.851	-85.471	-163.456	160.958	-179.79	52.873	175.321	-179.876	-178.615	
211	-11.7072	1.70925e+006	537.17	1476	-83.468	155.816	-177.17	-173.2	79.374	-166.344	-154.336	86.016	168.501	82.928	-75.136	-169.977	-136.842	19.118	-174.114	58.851	-85.471	-163.456	160.958	-179.79	52.873	175.321	-179.876	-178.615	
212	-11.7072	1.71735e+006	539.059	1477	-83.468	155.816	-177.17	-173.2	79.374	-166.344	-154.336	86.016	168.501	82.928	-75.136	-169.977	-136.842	19.118	-174.114	58.851	-85.471	-163.456	160.958	-179.79	52.873	175.321	-179.876	-178.615	
213	-11.7072	1.7249e+006	540.818	1478	-83.468	155.816	-177.17	-173.2	79.374	-166.344	-154.336	86.016	168.501	82.928	-75.136	-169.977	-136.842	19.118	-174.114	58.851	-85.471	-163.456	160.958	-179.79	52.873	175.321	-179.876	-178.615	
214	-11.7072	1.73297e+006	542.766	1480	-83.468	155.816	-177.17	-173.2	79.374	-166.344	-154.336	86.016	168.501	82.928	-75.136	-169.977	-136.842	19.118	-174.114	58.851	-85.471	-163.456	160.958	-179.79	52.873	175.321	-179.876	-178.615	
215	-11.7072	1.74118e+006	546.227	1481	-83.468	155.816	-177.17	-173.2	79.374	-166.344	-154.336	86.016	168.501	82.928	-75.136	-169.977	-136.842	19.118	-174.114	58.851	-85.471	-163.456	160.958	-179.79	52.873	175.321	-179.876	-178.615	
216	-11.7072	1.74965e+006	548.737	1483	-83.468	155.816	-177.17	-173.2	79.374	-166.344	-154.336	86.016	168.501	82.928	-75.136	-169.977	-136.842	19.118	-174.114	58.851	-85.471	-163.456	160.958	-179.79	52.873	175.321	-179.876	-178.615	
217	-11.7072	1.7581e+006	550.806	1483	-83.468	155.816	-177.17	-173.2	79.374	-166.344	-154.336	86.016	168.501	82.928	-75.136	-169.977	-136.842	19.118	-174.114	58.851	-85.471	-163.456	160.958	-179.79	52.873	175.321	-179.876	-178.615	
218	-11.7072	1.76496e+006	552.645	1485	-83.468	155.816	-177.17	-173.2	79.374	-166.344	-154.336	86.016	168.501	82.928	-75.136	-169.977	-136.842	19.118	-174.114	58.851	-85.471	-163.456	160.958	-179.79	52.873	175.321	-179.876	-178.615	
219	-11.7072	1.77226e+006	555.844	1489	-83.468	155.816	-177.17	-173.2	79.374	-166.344	-154.336	86.016	168.501	82.928	-75.136	-169.977	-136.842	19.118	-174.114	58.851	-85.471	-163.456	160.958	-179.79	52.873	175.321	-179.876	-178.615	
220	-11.7072	1.77965e+006	558.156	1493	-83.468	155.816	-177.17	-173.2	79.374	-166.344	-154.336	86.016	168.501	82.928	-75.136	-169.977	-136.842	19.118	-174.114	58.851	-85.471	-163.456	160.958	-179.79	52.873	175.321	-179.876	-178.615	
221	-11.7072	1.78786e+006	560.285	1494	-83.468	155.816	-177.17	-173.2	79.374	-166.344	-154.336	86.016	168.501	82.928	-75.136	-169.977	-136.842	19.118	-174.114	58.851	-85.471	-163.456	160.958	-179.79	52.873	175.321	-179.876	-178.615	
222	-11.7072	1.79588e+006	562.204	1498	-83.468	155.816	-177.17	-173.2	79.374	-166.344	-154.336	86.016	168.501	82.928	-75.136	-169.977	-136.842	19.118	-174.114	58.851	-85.471	-163.456	160.958	-179.79	52.873	175.321	-179.876	-178.615	
223	-11.7072	1.80397e+006	565.603	1499	-83.468	155.816	-177.17	-173.2	79.374	-166.344	-154.336	86.016	168.501	82.928	-75.136	-169.977	-136.842	19.118	-174.114	58.851	-85.471	-163.456	160.958	-179.79	52.873	175.321	-179.876	-178.615	
224	-11.7072	1.81166e+006	568.883	1503	-83.468	155.816	-177.17	-173.2	79.374	-166.344	-154.336	86.016	168.501	82.928	-75.136	-169.977	-136.842	19.118	-174.114	58.851	-85.471	-163.456	160.958	-179.79	52.873	175.321	-179.876	-178.615	
225	-11.7072	1.81916e+006	571.003	1509	-83.468	155.816	-177.17	-173.2	79.374	-166.344	-154.336	86.016	168.501	82.928	-75.136	-169.977	-136.842	19.118	-174.114	58.851	-85.471	-163.456	160.958	-179.79	52.873	175.321	-179.876	-178.615	
226	-11.7072	1.82695e+006	574.973	1510	-83.468	155.816	-177.17	-173.2	79.374	-166.344	-154.336	86.016	168.501	82.928	-75.136	-169.977	-136.842	19.118	-174.114	58.851	-85.471	-163.456	160.958	-179.79	52.873	175.321	-179.876	-178.615	
227	-11.7072	1.83487e+006	578.073	1513	-83.468	155.816	-177.17	-173.2	79.374	-166.344	-154.336	86.016	168.501	82.928	-75.136	-169.977	-136.842	19.118	-174.114	58.851	-85.471	-163.456	160.958	-179.79	52.873	175.321	-179.876	-178.615	
228	-11.7072	1.84272e+006	581.622	1514	-83.468	155.816	-177.17	-173.2	79.374	-166.344	-154.336	86.016	168.501	82.928	-75.136	-169.977	-136.842	19.118	-174.114	58.851	-85.471	-163.456	160.958	-179.79	52.873	175.321	-179.876	-178.615	
229	-11.7072	1.85074e+006	584.221	1515	-83.468	155.816	-177.17	-173.2	79.374	-166.344	-154.336	86.016	168.501	82.928	-75.136	-169.977	-136.842	19.118	-174.114	58.851	-85.471	-163.456	160.958	-179.79	52.873	175.321	-179.876	-178.615	
230	-11.7072	1.85904e+006	588.6	1515	-83.468	155.816	-177.17	-173.2	79.374	-166.344	-154.336	86.016	168.501	82.928	-75.136	-169.977	-136.842	19.118	-174.114	58.851	-85.471	-163.456	160.958	-179.79	52.873	175.321	-179.876	-178.615	
231	-11.7072	1.86706e+006	591.55	1517	-83.468	155.816	-177.17	-173.2	79.374	-166.344	-154.336	86.016	168.501	82.928	-75.136	-169.977	-136.842	19.118	-174.114	58.851	-85.471	-163.456	160.958	-179.79	52.873	175.321	-179.876	-178.615	
232	-11.7072	1.87518e+006	594.04	1518	-83.468	155.816	-177.17	-173.2	79.374	-166.344	-154.336	86.016	168.501	82.928	-75.136	-169.977	-136.842	19.118	-174.114	58.851	-85.471	-163.456	160.958	-179.79	52.873	175.321	-179.876	-178.615	
233	-11.7072	1.88337e+006	596.778	1518	-83.468	155.816	-177.17	-173.2	79.374	-166.344	-154.336	86.016	168.501	82.928	-75.136	-169.977	-136.842	19.118	-174.114	58.851	-85.471	-163.456	160.958	-179.79	52.873	175.321	-179.876	-178.615	
234	-11.7072	1.8913e+006	600.129	1522	-83.468	155.816	-177.17	-173.2	79.374	-166.344	-154.336	86.016	168.501	82.928	-75.136	-169.977	-136.842	19.118	-174.114	58.851	-85.471	-163.456	160.958	-179.79	52.873	175.321	-179.876	-178.615	
235	-11.7072	1.89882e+006	603.5	1523	-83.468	155.816	-177.17	-173.2	79.374	-166.344	-154.336	86.016	168.501	82.928	-75.136	-169.977	-136.842	19.118	-174.114	58.851	-85.471	-163.456	160.958	-179.79	52.873	175.321	-179.876	-178.615	
236	-11.7072	1.9063e+006	606.809	1525	-83.468	155.816	-177.17	-173.2	79.374	-166.344	-154.336	86.016	168.501	82.928	-75.136	-169.977	-136.842	19.118	-174.114	58.851	-85.471	-163.456	160.958	-179.79	52.873	175.321	-179.876	-178.615	
237	-11.7072	1.91427e+006	609.678	1529	-83.468	155.816	-177.17	-173.2	79.374	-166.344	-154.336	86.016	168.501	82.928	-75.136	-169.977	-136.842	19.118	-174.114	58.851	-85.471	-163.456	160.958	-179.79	52.873	175.321	-179.876	-178.615	
238	-11.7072	1.92208e+006	612.967	1530	-83.468	155.816	-177.17	-173.2	79.374	-166.344	-154.336	86.016	168.501	82.928	-75.136	-169.977	-136.842	19.118	-174.114	58.851	-85.471	-163.456	160.958	-179.79	52.873	175.321	-179.876	-178.615	
239	-11.7072	1.93005e+006	615.088	1532	-83.468	155.816	-177.17	-173.2	79.374	-166.344	-154.336	86.016	168.501	82.928	-75.136	-169.977	-136.842	19.118	-174.114	58.851	-85.471	-163.456	160.958	-179.79	52.873	175.321	-179.876	-178.615	
240	-11.7072	1.93678e+006	616.709	1537	-83.468	155.816	-177.17	-173.2	79.374	-166.344	-154.336	86.016	168.501	82.928	-75.136	-169.977	-136.842	19.118	-174.114	58.851	-85.471	-163.456	160.958	-179.79	52.873	175.321	-179.876	-178.615	
241	-11.7072	1.94504e+006	618.709	1539	-83.468	155.816	-177.17	-173.2	79.374	-166.344	-154.336	86.016	168.501	82.928	-75.136	-169.977	-136.842	19.118	-174.114	58.851	-85.471	-163.456	160.958	-179.79	52.873	175.321	-179.876	-178.615	
242	-11.7072	1.95267e+006	620.488	1541	-83.468	155.816	-177.17	-173.2	79.374	-166.344	-154.336	86.016	168.501	82.928	-75.136	-169.977	-136.842	19.118	-174.114	58.851	-85.471	-163.456	160.958	-179.79	52.873	175.321	-179.876	-178.615	
243	-11.7072	1.96035e+006	622.46	1543	-83.468	155.816	-177.17	-173.2	79.374	-166.344	-154.336	86.016	168.501	82.928	-75.136	-169.977	-136.842	19.118	-174.114	58.851	-85.471	-163.456	160.958	-179.79	52.873	175.321	-179.876	-178.615	
244	-11.7072	1.96841e+006	625.629	1545	-83.468	155.816	-177.17	-173.2	79.374	-166.344	-154.336	86.016	168.501	82.928	-75.136	-169.977	-136.842	19.118	-174.114	58.851	-85.471	-163.456	160.958	-179.79	52.873	175.321	-179.876	-178.615	
245	-11.7072	1.97525e+006	628.85	1546	-83.468	155.816	-177.17	-173.2	79.374	-166.344	-154.336	86.016	168.501	82.928	-75.136	-169.977	-136.842	19.118	-174.114	58.851	-85.471	-163.456	160.958	-179.79	52.873	175.321	-179.876	-178.615	
246	-11.7072	1.98234e+006	631.158	1548	-83.468	155.816	-177.17	-173.2	79.374	-166.344	-154.336	86.016	168.501	82.928	-75.136	-169.977	-136.842	19.118	-174.114	58.851	-85.471	-163.456	160.958	-179.79	52.873	175.321	-179.876	-178.615	
247	-11.7072	1.98961e+006	633.046	1549	-83.468	155.816	-177.17	-173.2	79.374	-166.344	-154.336	86.016	168.501	82.928	-75.136	-169.977	-136.842	19.118	-174.114	58.851	-85.471	-163.456	160.958	-179.79	52.873	175.321	-179.876	-178.615	
248	-11.7072	1.99765e+006	634.956	1549	-83.468	155.816	-177.17	-173.2	79.374	-166.344	-154.336	86.016	168.501	82.928	-75.136	-169.977	-136.842	19.118	-174.114	58.851	-85.471	-163.456	160.958	-179.79	52.873	175.321	-179.876	-178.615	
249	-11.7072	2.00531e+006	636.757	1549	-83.468	155.816	-177.17	-173.2	79.374	-166.344	-154.336	86.016	168.501	82.928	-75.136	-169.977	-136.842	19.118	-174.114	58.851	-85.471	-163.456	160.958	-179.79	52.873	175.321	-179.876	-178.615	
250	-11.7072	2.01324e+006	638.649	1552	-83.468	155.816	-177.17	-173.2	79.374	-166.344	-154.336	86.016	168.501	82.928	-75.136	-169.977	-136.842	19.118	-174.114	58.851	-85.471	-163.456	160.958	-179.79	52.873	175.321	-179.876	-178.615	
251	-11.7072	2.02019e+006	640.4	1554	-83.468	155.816	-177.17	-173.2	79.374	-166.344	-154.336	86.016	168.501	82.928	-75.136	-169.977	-136.842	19.118	-174.114	58.851	-85.471	-163.456	160.958	-179.79	52.873	175.321	-179.876	-178.615	
252	-11.7072	2.02778e+006	642.21	1557	-83.468	155.816	-177.17	-173.2	79.374	-166.344	-154.336	86.016	168.501	82.928	-75.136	-169.977	-136.842	19.118	-174.114	58.851	-85.471	-163.456	160.958	-179.79	52.873	175.321	-179.876	-178.615	
253	-11.7072	2.03599e+006	644.209	1559	-83.468	155.816	-177.17	-173.2	79.374	-166.344	-154.336	86.016	168.501	82.928	-75.136	-169.977	-136.842	19.118	-174.114	58.851	-85.471	-163.456	160.958	-179.79	52.873	175.321	-179.876	-178.615	
254	-11.7072	2.04311e+006	645.91	1563	-83.468	155.816	-177.17	-173.2	79.374	-166.344	-154.336	86.016	168.501	82.928	-75.136	-169.977	-136.842	19.118	-174.114	58.851	-85.471	-163.456	160.958	-179.79	52.873	175.321	-179.876	-178.615	
255	-11.7072	2.05144e+006	647.95	1563	-83.468	155.816	-177.17	-173.2	79.374	-166.344	-154.336	86.016	168.501	82.928	-75.136	-169.977	-136.842	19.118	-174.114	58.851	-85.471	-163.456	160.958	-179.79	52.873	175.321	-179.876	-178.615	
256	-11.7072	2.05926e+006	650.42	1565	-83.468	155.816	-177.17	-173.2	79.374	-166.344	-154.336	86.016	168.501	82.928	-75.136	-169.977	-136.842	19.118	-174.114	58.851	-85.471	-163.456	160.958	-179.79	52.873	175.321	-179.876	-178.615	
257	-11.7072	2.06759e+006	653.908	1569	-83.468	155.816	-177.17	-173.2	79.374	-166.344	-154.336	86.016	168.501	82.928	-75.136	-169.977	-136.842	19.118	-174.114	58.851	-85.471	-163.456	160.958	-179.79	52.873	175.321	-179.876	-178.615	
258	-11.7072	2.07558e+006	656.228	1570	-83.468	155.816	-177.17	-173.2	79.374	-166.344	-154.336	86.016	168.501	82.928	-75.136	-169.977	-136.842	19.118	-174.114	58.851	-85.471	-163.456	160.958	-179.79	52.873	175.321	-179.876	-178.615	
259	-11.7072	2.08312e+006	658.048	1573	-83.468	155.816	-177.17	-173.2	79.374	-166.344	-154.336	86.016	168.501	82.928	-75.136	-169.977	-136.842	19.118	-174.114	58.851	-85.471	-163.456	160.958	-179.79	52.873	175.321	-179.876	-178.615	
260	-11.7072	2.09141e+006	660	1574	-83.468	155.816	-177.17	-173.2	79.374	-166.344	-154.336	86.016	168.501	82.928	-75.136	-169.977	-136.842	19.118	-174.114	58.851	-85.471	-163.456	160.958	-179.79	52.873	175.321	-179.876	-178.615	
261	-11.7072	2.0993e+006	661.898	1575	-83.468	155.816	-177.17	-173.2	79.374	-166.344	-154.336	86.016	168.501	82.928	-75.136	-169.977	-136.842	19.118	-174.114	58.851	-85.471	-163.456	160.958	-179.79	52.873	175.321	-179.876	-178.615	
262	-11.7072	2.10712e+006	664.38	1576	-83.468	155.816	-177.17	-173.2	79.374	-166.344	-154.336	86.016	168.501	82.928	-75.136	-169.977	-136.842	19.118	-174.114	58.851	-85.471	-163.456	160.958	-179.79	52.873	175.321	-179.876	-178.615	
263	-11.7072	2.1143e+006	668.101	1578	-83.468	155.816	-177.17	-173.2	79.374	-166.344	-154.336	86.016	168.501	82.928	-75.136	-169.977	-136.842	19.118	-174.114	58.851	-85.471	-163.456	160.958	-179.79	52.873	175.321	-179.876	-178.615	
264	-11.7072	2.12232e+006	670.7	1579	-83.468	155.816	-177.17	-173.2	79.374	-166.344	-154.336	86.016	168.501	82.928	-75.136	-169.977	-136.842	19.118	-174.114	58.851	-85.471	-163.456	160.958	-179.79	52.873	175.321	-179.876	-178.615	
265	-11.7072	2.13056e+006	672.812	1581	-83.468	155.816	-177.17	-173.2	79.374	-166.344	-154.336	86.016	168.501	82.928	-75.136	-169.977	-136.842	19.118	-174.114	58.851	-85.471	-163.456	160.958	-179.79	52.873	175.321	-179.876	-178.615	
266	-11.7072	2.13874e+006	674.68	1581	-83.468	155.816	-177.17	-173.2	79.374	-166.344	-154.336	86.016	168.501	82.928	-75.136	-169.977	-136.842	19.118	-174.114	58.851	-85.471	-163.456	160.958	-179.79	52.873	175.321	-179.876	-178.615	
267	-11.7072	2.14812e+006	676.798	1585	-83.468	155.816	-177.17	-173.2	79.374	-166.344	-154.336	86.016	168.501	82.928	-75.136	-169.977	-136.842	19.118	-174.114	58.851	-85.471	-163.456	160.958	-179.79	52.873	175.321	-179.876	-178.615	
268	-11.7072	2.15615e+006	678.647	1585	-83.468	155.816	-177.17	-173.2	79.374	-166.344	-154.336	86.016	168.501	82.928	-75.136	-169.977	-136.842	19.118	-174.114	58.851	-85.471	-163.456	160.958	-179.79	52.873	175.321	-179.876	-178.615	
269	-11.7072	2.16396e+006	680.476	1587	-83.468	155.816	-177.17	-173.2	79.374	-166.344	-154.336	86.016	168.501	82.928	-75.136	-169.977	-136.842	19.118	-174.114	58.851	-85.471	-163.456	160.958	-179.79	52.873	175.321	-179.876	-178.615	
270	-11.7072	2.17225e+006	682.397	1587	-83.468	155.816	-177.17	-173.2	79.374	-166.344	-154.336	86.016	168.501	82.928	-75.136	-169.977	-136.842	19.118	-174.114	58.851	-85.471	-163.456	160.958	-179.79	52.873	175.321	-179.876	-178.615	
271	-11.7072	2.17988e+006	684.156	1590	-83.468	155.816	-177.17	-173.2	79.374	-166.344	-154.336	86.016	168.501	82.928	-75.136	-169.977	-136.842	19.118	-174.114	58.851	-85.471	-163.456	160.958	-179.79	52.873	175.321	-179.876	-178.615	
272	-11.7072	2.18779e+006	685.968	1590	-83.468	155.816	-177.17	-173.2	79.374	-166.344	-154.336	86.016	168.501	82.928	-75.136	-169.977	-136.842	19.118	-174.114	58.851	-85.471	-163.456	160.958	-179.79	52.873	175.321	-179.876	-178.615	
273	-11.7072	2.1958e+006	688.167	1590	-83.468	155.816	-177.17	-173.2	79.374	-166.344	-154.336	86.016	168.501	82.928	-75.136	-169.977	-136.842	19.118	-174.114	58.851	-85.471	-163.456	160.958	-179.79	52.873	175.321	-179.876	-178.615	
274	-11.7072	2.2033e+006	691.277	1592	-83.468	155.816	-177.17	-173.2	79.374	-166.344	-154.336	86.016	168.501	82.928	-75.136	-169.977	-136.842	19.118	-174.114	58.851	-85.471	-163.456	160.958	-179.79	52.873	175.321	-179.876	-178.615	
275	-11.7072	2.21049e+006	695.178	1593	-83.468	155.816	-177.17	-173.2	79.374	-166.344	-154.336	86.016	168.501	82.928	-75.136	-169.977	-136.842	19.118	-174.114	58.851	-85.471	-163.456	160.958	-179.79	52.873	175.321	-179.876	-178.615	
276	-11.7072	2.21879e+006	698.938	1594	-83.468	155.816	-177.17	-173.2	79.374	-166.344	-154.336	86.016	168.501	82.928	-75.136	-169.977	-136.842	19.118	-174.114	58.851	-85.471	-163.456	160.958	-179.79	52.873	175.321	-179.876	-178.615	
277	-11.7072	2.2283e+006	701.93	1596	-83.468	155.816	-177.17	-173.2	79.374	-166.344	-154.336	86.016	168.501	82.928	-75.136	-169.977	-136.842	19.118	-174.114	58.851	-85.471	-163.456	160.958	-179.79	52.873	175.321	-179.876	-178.615	
278	-11.7072	2.23485e+006	703.58	1599	-83.468	155.816	-177.17	-173.2	79.374	-166.344	-154.336	86.016	168.501	82.928	-75.136	-169.977	-136.842	19.118	-174.114	58.851	-85.471	-163.456	160.958	-179.79	52.873	175.321	-179.876	-178.615	
279	-11.7072	2.24244e+006	705.388	1600	-83.468	155.816	-177.17	-173.2	79.374	-166.344	-154.336	86.016	168.501	82.928	-75.136	-169.977	-136.842	19.118	-174.114	58.851	-85.471	-163.456	160.958	-179.79	52.873	175.321	-179.876	-178.615	
280	-11.7072	2.25023e+006	707.207	1600	-83.468	155.816	-177.17	-173.2	79.374	-166.344	-154.336	86.016	168.501	82.928	-75.136	-169.977	-136.842	19.118	-174.114	58.851	-85.471	-163.456	160.958	-179.79	52.873	175.321	-179.876	-178.615	
281	-11.7072	2.25693e+006	710.799	1602	-83.468	155.816	-177.17	-173.2	79.374	-166.344	-154.336	86.016	168.501	82.928	-75.136	-169.977	-136.842	19.118	-174.114	58.851	-85.471	-163.456	160.958	-179.79	52.873	175.321	-179.876	-178.615	
282	-11.7072	2.26569e+006	714.729	1602	-83.468	155.816	-177.17	-173.2	79.374	-166.344	-154.336	86.016	168.501	82.928	-75.136	-169.977	-136.842	19.118	-174.114	58.851	-85.471	-163.456	160.958	-179.79	52.873	175.321	-179.876	-178.615	
283	-11.7072	2.27382e+006	718.57	1603	-83.468	155.816	-177.17	-173.2	79.374	-166.344	-154.336	86.016	168.501	82.928	-75.136	-169.977	-136.842	19.118	-174.114	58.851	-85.471	-163.456	160.958	-179.79	52.873	175.321	-179.876	-178.615	
284	-11.7072	2.28081e+006	721.88	1604	-83.468	155.816	-177.17	-173.2	79.374	-166.344	-154.336	86.016	168.501	82.928	-75.136	-169.977	-136.842	19.118	-174.114	58.851	-85.471	-163.456	160.958	-179.79	52.873	175.321	-179.876	-178.615	
285	-11.7072	2.28776e+006	724.341	1605	-83.468	155.816	-177.17	-173.2	79.374	-166.344	-154.336	86.016	168.501	82.928	-75.136	-169.977	-136.842	19.118	-174.114	58.851	-85.471	-163.456	160.958	-179.79	52.873	175.321	-179.876	-178.615	
286	-11.7072	2.2956e+006	726.53	1606	-83.468	155.816	-177.17	-173.2	79.374	-166.344	-154.336	86.016	168.501	82.928	-75.136	-169.977	-136.842	19.118	-174.114	58.851	-85.471	-163.456	160.958	-179.79	52.873	175.321	-179.876	-178.615	
287	-11.7072	2.30374e+006	730.34	1608	-83.468	155.816	-177.17	-173.2	79.374	-166.344	-154.336	86.016	168.501	82.928	-75.136	-169.977	-136.842	19.118	-174.114	58.851	-85.471	-163.456	160.958	-179.79	52.873	175.321	-179.876	-178.615	
288	-11.7072	2.31116e+006	732.738	1609	-83.468	155.816	-177.17	-173.2	79.374	-166.344	-154.336	86.016	168.501	82.928	-75.136	-169.977	-136.842	19.118	-174.114	58.851	-85.471	-163.456	160.958	-179.79	52.873	175.321	-179.876	-178.615	
289	-11.7072	2.31869e+006	734.718	1609	-83.468	155.816	-177.17	-173.2	79.374	-166.344	-154.336	86.016	168.501	82.928	-75.136	-169.977	-136.842	19.118	-174.114	58.851	-85.471	-163.456	160.958	-179.79	52.873	175.321	-179.876	-178.615	
290	-11.7072	2.32634e+006	736.528	1610	-83.468	155.816	-177.17	-173.2	79.374	-166.344	-154.336	86.016	168.501	82.928	-75.136	-169.977	-136.842	19.118	-174.114	58.851	-85.471	-163.456	160.958	-179.79	52.873	175.321	-179.876	-178.615	
291	-11.7072	2.33371e+006	740.059	1612	-83.468	155.816	-177.17	-173.2	79.374	-166.344	-154.336	86.016	168.501	82.928	-75.136	-169.977	-136.842	19.118	-174.114	58.851	-85.471	-163.456	160.958	-179.79	52.873	175.321	-179.876	-178.615	
292	-11.7072	2.34137e+006	742.761	1612	-83.468	155.816	-177.17	-173.2	79.374	-166.344	-154.336	86.016	168.501	82.928	-75.136	-169.977	-136.842	19.118	-174.114	58.851	-85.471	-163.456	160.958	-179.79	52.873	175.321	-179.876	-178.615	
293	-11.7072	2.34911e+006	744.872	1612	-83.468	155.816	-177.17	-173.2	79.374	-166.344	-154.336	86.016	168.501	82.928	-75.136	-169.977	-136.842	19.118	-174.114	58.851	-85.471	-163.456	160.958	-179.79	52.873	175.321	-179.876	-178.615	
294	-11.7072	2.35696e+006	746.763	1613	-83.468	155.816	-177.17	-173.2	79.374	-166.344	-154.336	86.016	168.501	82.928	-75.136	-169.977	-136.842	19.118	-174.114	58.851	-85.471	-163.456	160.958	-179.79	52.873	175.321	-179.876	-178.615	
295	-11.7072	2.36558e+006	749.274	1614	-83.468	155.816	-177.17	-173.2	79.374	-166.344	-154.336	86.016	168.501	82.928	-75.136	-169.977	-136.842	19.118	-174.114	58.851	-85.471	-163.456	160.958	-179.79	52.873	175.321	-179.876	-178.615	
296	-11.7072	2.37393e+006	752.964	1616	-83.468	155.816	-177.17	-173.2	79.374	-166.344	-154.336	86.016	168.501	82.928	-75.136	-169.977	-136.842	19.118	-174.114	58.851	-85.471	-163.456	160.958	-179.79	52.873	175.321	-179.876	-178.615	
297	-11.7072	2.38207e+006	756.004	1617	-83.468	155.816	-177.17	-173.2	79.374	-166.344	-154.336	86.016	168.501	82.928	-75.136	-169.977	-136.842	19.118	-174.114	58.851	-85.471	-163.456	160.958	-179.79	52.873	175.321	-179.876	-178.615	
298	-11.7072	2.3893e+006	758.626	1617	-83.468	155.816	-177.17	-173.2	79.374	-166.344	-154.336	86.016	168.501	82.928	-75.136	-169.977	-136.842	19.118	-174.114	58.851	-85.471	-163.456	160.958	-179.79	52.873	175.321	-179.876	-178.615	
299	-11.7072	2.39708e+006	760.735	1618	-83.468	155.816	-177.17	-173.2	79.374	-166.344	-154.336	86.016	168.501	82.928	-75.136	-169.977	-136.842	19.118	-174.114	58.851	-85.471	-163.456	160.958	-179.79	52.873	175.321	-179.876	-178.615	
300	-11.7072	2.40466e+006	762.534	1620	-83.468	155.816	-177.17	-173.2	79.374	-166.344	-154.336	86.016	168.501	82.928	-75.136	-169.977	-136.842	19.118	-174.114	58.851	-85.471	-163.456	160.958	-179.79	52.873	175.321	-179.876	-178.615	
301	-11.7072	2.41301e+006	764.485	1620	-83.468	155.816	-177.17	-173.2	79.374	-166.344	-154.336	86.016	168.501	82.928	-75.136	-169.977	-136.842	19.118	-174.114	58.851	-85.471	-163.456	160.958	-179.79	52.873	175.321	-179.876	-178.615	
302	-11.7072	2.42111e+006	767.914	1621	-83.468	155.816	-177.17	-173.2	79.374	-166.344	-154.336	86.016	168.501	82.928	-75.136	-169.977	-136.842	19.118	-174.114	58.851	-85.471	-163.456	160.958	-179.79	52.873	175.321	-179.876	-178.615	
303	-11.7072	2.42881e+006	771.845	1621	-83.468	155.816	-177.17	-173.2	79.374	-166.344	-154.336	86.016	168.501	82.928	-75.136	-169.977	-136.842	19.118	-174.114	58.851	-85.471	-163.456	160.958	-179.79	52.873	175.321	-179.876	-178.615	
304	-11.7072	2.43694e+006	775.654	1621	-83.468	155.816	-177.17	-173.2	79.374	-166.344	-154.336	86.016	168.501	82.928	-75.136	-169.977	-136.842	19.118	-174.114	58.851	-85.471	-163.456	160.958	-179.79	52.873	175.321	-179.876	-178.615	
305	-11.7072	2.44528e+006	779.383	1621	-83.468	155.816	-177.17	-173.2	79.374	-166.344	-154.336	86.016	168.501	82.928	-75.136	-169.977	-136.842	19.118	-174.114	58.851	-85.471	-163.456	160.958	-179.79	52.873	175.321	-179.876	-178.615	
306	-11.7072	2.45342e+006	781.642	1621	-83.468	155.816	-177.17	-173.2	79.374	-166.344	-154.336	86.016	168.501	82.928	-75.136	-169.977	-136.842	19.118	-174.114	58.851	-85.471	-163.456	160.958	-179.79	52.873	175.321	-179.876	-178.615	
307	-11.7072	2.46228e+006	785.932	1621	-83.468	155.816	-177.17	-173.2	79.374	-166.344	-154.336	86.016	168.501	82.928	-75.136	-169.977	-136.842	19.118	-174.114	58.851	-85.471	-163.456	160.958	-179.79	52.873	175.321	-179.876	-178.615	
308	-11.7072	2.46958e+006	789.632	1621	-83.468	155.816	-177.17	-173.2	79.374	-166.344	-154.336	86.016	168.501	82.928	-75.136	-169.977	-136.842	19.118	-174.114	58.851	-85.471	-163.456	160.958	-179.79	52.873	175.321	-179.876	-178.615	
309	-11.7072	2.4774e+006	793.142	1622	-83.468	155.816	-177.17	-173.2	79.374	-166.344	-154.336	86.016	168.501	82.928	-75.136	-169.977	-136.842	19.118	-174.114	58.851	-85.471	-163.456	160.958	-179.79	52.873	175.321	-179.876	-178.615	
310	-11.7072	2.48506e+006	795.772	1622	-83.468	155.816	-177.17	-173.2	79.374	-166.344	-154.336	86.016	168.501	82.928	-75.136	-169.977	-136.842	19.118	-174.114	58.851	-85.471	-163.456	160.958	-179.79	52.873	175.321	-179.876	-178.615	
311	-11.7072	2.49327e+006	799.782	1622	-83.468	155.816	-177.17	-173.2	79.374	-166.344	-154.336	86.016	168.501	82.928	-75.136	-169.977	-136.842	19.118	-174.114	58.851	-85.471	-163.456	160.958	-179.79	52.873	175.321	-179.876	-178.615	
312	-11.7072	2.50133e+006	803.304	1622	-83.468	155.816	-177.17	-173.2	79.374	-166.344	-154.336	86.016	168.501	82.928	-75.136	-169.977	-136.842	19.118	-174.114	58.851	-85.471	-163.456	160.958	-179.79	52.873	175.321	-179.876	-178.615	
313	-11.7072	2.50965e+006	805.784	1623	-83.468	155.816	-177.17	-173.2	79.374	-166.344	-154.336	86.016	168.501	82.928	-75.136	-169.977	-136.842	19.118	-174.114	58.851	-85.471	-163.456	160.958	-179.79	52.873	175.321	-179.876	-178.615	
314	-11.7072	2.51889e+006	809.725	1623	-83.468	155.816	-177.17	-173.2	79.374	-166.344	-154.336	86.016	168.501	82.928	-75.136	-169.977	-136.842	19.118	-174.114	58.851	-85.471	-163.456	160.958	-179.79	52.873	175.321	-179.876	-178.615	
315	-11.7072	2.52729e+006	812.373	1623	-83.468	155.816	-177.17	-173.2	79.374	-166.344	-154.336	86.016	168.501	82.928	-75.136	-169.977	-136.842	19.118	-174.114	58.851	-85.471	-163.456	160.958	-179.79	52.873	175.321	-179.876	-178.615	
316	-11.7072	2.53539e+006	814.515	1623	-83.468	155.816	-177.17	-173.2	79.374	-166.344	-154.336	86.016	168.501	82.928	-75.136	-169.977	-136.842	19.118	-174.114	58.851	-85.471	-163.456	160.958	-179.79	52.873	175.321	-179.876	-178.615	
317	-11.7072	2.54238e+006	817.725	1623	-83.468	155.816	-177.17	-173.2	79.374	-166.344	-154.336	86.016	168.501	82.928	-75.136	-169.977	-136.842	19.118	-174.114	58.851	-85.471	-163.456	160.958	-179.79	52.873	175.321	-179.876	-178.615	
318	-11.7072	2.54996e+006	820.224	1624	-83.468	155.816	-177.17	-173.2	79.374	-166.344	-154.336	86.016	168.501	82.928	-75.136	-169.977	-136.842	19.118	-174.114	58.851	-85.471	-163.456	160.958	-179.79	52.873	175.321	-179.876	-178.615	
319	-11.7072	2.55806e+006	823.856	1624	-83.468	155.816	-177.17	-173.2	79.374	-166.344	-154.336	86.016	168.501	82.928	-75.136	-169.977	-136.842	19.118	-174.114	58.851	-85.471	-163.456	160.958	-179.79	52.873	175.321	-179.876	-178.615	
320	-11.7072	2.56556e+006	826.526	1626	-83.468	155.816	-177.17	-173.2	79.374	-166.344	-154.336	86.016	168.501	82.928	-75.136	-169.977	-136.842	19.118	-174.114	58.851	-85.471	-163.456	160.958	-179.79	52.873	175.321	-179.876	-178.615	
321	-11.7072	2.57342e+006	829.726	1626	-83.468	155.816	-177.17	-173.2	79.374	-166.344	-154.336	86.016	168.501	82.928	-75.136	-169.977	-136.842	19.118	-174.114	58.851	-85.471	-163.456	160.958	-179.79	52.873	175.321	-179.876	-178.615	
322	-11.7072	2.5811e+006	832.064	1626	-83.468	155.816	-177.17	-173.2	79.374	-166.344	-154.336	86.016	168.501	82.928	-75.136	-169.977	-136.842	19.118	-174.114	58.851	-85.471	-163.456	160.958	-179.79	52.873	175.321	-179.876	-178.615	
323	-11.7072	2.58873e+006	835.575	1627	-83.468	155.816	-177.17	-173.2	79.374	-166.344	-154.336	86.016	168.501	82.928	-75.136	-169.977	-136.842	19.118	-174.114	58.851	-85.471	-163.456	160.958	-179.79	52.873	175.321	-179.876	-178.615	
324	-11.7072	2.59725e+006	838.183	1627	-83.468	155.816	-177.17	-173.2	79.374	-166.344	-154.336	86.016	168.501	82.928	-75.136	-169.977	-136.842	19.118	-174.114	58.851	-85.471	-163.456	160.958	-179.79	52.873	175.321	-179.876	-178.615	
325	-11.7072	2.6045e+006	840.322	1629	-83.468	155.816	-177.17	-173.2	79.374	-166.344	-154.336	86.016	168.501	82.928	-75.136	-169.977	-136.842	19.118	-174.114	58.851	-85.471	-163.456	160.958	-179.79	52.873	175.321	-179.876	-178.615	
326	-11.7072	2.61278e+006	844.89	1630	-83.468	155.816	-177.17	-173.2	79.374	-166.344	-154.336	86.016	168.501	82.928	-75.136	-169.977	-136.842	19.118	-174.114	58.851	-85.471	-163.456	160.958	-179.79	52.873	175.321	-179.876	-178.615	
327	-11.7072	2.62072e+006	848.432	1631	-83.468	155.816	-177.17	-173.2	79.374	-166.344	-154.336	86.016	168.501	82.928	-75.136	-169.977	-136.842	19.118	-174.114	58.851	-85.471	-163.456	160.958	-179.79	52.873	175.321	-179.876	-178.615	
328	-11.7072	2.6282e+006	850.75	1633	-83.468	155.816	-177.17	-173.2	79.374	-166.344	-154.336	86.016	168.501	82.928	-75.136	-169.977	-136.842	19.118	-174.114	58.851	-85.471	-163.456	160.958	-179.79	52.873	175.321	-179.876	-178.615	
329	-11.7072	2.63706e+006	852.932	1634	-83.468	155.816	-177.17	-173.2	79.374	-166.344	-154.336	86.016	168.501	82.928	-75.136	-169.977	-136.842	19.118	-174.114	58.851	-85.471	-163.456	160.958	-179.79	52.873	175.321	-179.876	-178.615	
330	-11.7072	2.645e+006	855.892	1635	-83.468	155.816	-177.17	-173.2	79.374	-166.344	-154.336	86.016	168.501	82.928	-75.136	-169.977	-136.842	19.118	-174.114	58.851	-85.471	-163.456	160.958	-179.79	52.873	175.321	-179.876	-178.615	
331	-11.7072	2.65309e+006	858.77	1635	-83.468	155.816	-177.17	-173.2	79.374	-166.344	-154.336	86.016	168.501	82.928	-75.136	-169.977	-136.842	19.118	-174.114	58.851	-85.471	-163.456	160.958	-179.79	52.873	175.321	-179.876	-178.615	
332	-11.7072	2.66169e+006	861.161	1635	-83.468	155.816	-177.17	-173.2	79.374	-166.344	-154.336	86.016	168.501	82.928	-75.136	-169.977	-136.842	19.118	-174.114	58.851	-85.471	-163.456	160.958	-179.79	52.873	175.321	-179.876	-178.615	
333	-11.7072	2.66961e+006	864.45	1637	-83.468	155.816	-177.17	-173.2	79.374	-166.344	-154.336	86.016	168.501	82.928	-75.136	-169.977	-136.842	19.118	-174.114	58.851	-85.471	-163.456	160.958	-179.79	52.873	175.321	-179.876	-178.615	
334	-11.7072	2.677e+006	867.871	1637	-83.468	155.816	-177.17	-173.2	79.374	-166.344	-154.336	86.016	168.501	82.928	-75.136	-169.977	-136.842	19.118	-174.114	58.851	-85.471	-163.456	160.958	-179.79	52.873	175.321	-179.876	-178.615	
335	-11.7072	2.68362e+006	870.19	1637	-83.468	155.816	-177.17	-173.2	79.374	-166.344	-154.336	86.016	168.501	82.928	-75.136	-169.977	-136.842	19.118	-174.114	58.851	-85.471	-163.456	160.958	-179.79	52.873	175.321	-179.876	-178.615	
336	-11.7072	2.6919e+006	872.549	1639	-83.468	155.816	-177.17	-173.2	79.374	-166.344	-154.336	86.016	168.501	82.928	-75.136	-169.977	-136.842	19.118	-174.114	58.851	-85.471	-163.456	160.958	-179.79	52.873	175.321	-179.876	-178.615	
337	-11.7072	2.69955e+006	874.528	1640	-83.468	155.816	-177.17	-173.2	79.374	-166.344	-154.336	86.016	168.501	82.928	-75.136	-169.977	-136.842	19.118	-174.114	58.851	-85.471	-163.456	160.958	-179.79	52.873	175.321	-179.876	-178.615	
338	-11.7072	2.70657e+006	876.227	1641	-83.468	155.816	-177.17	-173.2	79.374	-166.344	-154.336	86.016	168.501	82.928	-75.136	-169.977	-136.842	19.118	-174.114	58.851	-85.471	-163.456	160.958	-179.79	52.873	175.321	-179.876	-178.615	
339	-11.7072	2.71441e+006	879.597	1643	-83.468	155.816	-177.17	-173.2	79.374	-166.344	-154.336	86.016	168.501	82.928	-75.136	-169.977	-136.842	19.118	-174.114	58.851	-85.471	-163.456	160.958	-179.79	52.873	175.321	-179.876	-178.615	
340	-11.7072	2.72196e+006	883.238	1643	-83.468	155.816	-177.17	-173.2	79.374	-166.344	-154.336	86.016	168.501	82.928	-75.136	-169.977	-136.842	19.118	-174.114	58.851	-85.471	-163.456	160.958	-179.79	52.873	175.321	-179.876	-178.615	
341	-11.7072	2.7297e+006	885.767	1643	-83.468	155.816	-177.17	-173.2	79.374	-166.344	-154.336	86.016	168.501	82.928	-75.136	-169.977	-136.842	19.118	-174.114	58.851	-85.471	-163.456	160.958	-179.79	52.873	175.321	-179.876	-178.615	
342	-11.7072	2.73807e+006	887.937	1644	-83.468	155.816	-177.17	-173.2	79.374	-166.344	-154.336	86.016	168.501	82.928	-75.136	-169.977	-136.842	19.118	-174.114	58.851	-85.471	-163.456	160.958	-179.79	52.873	175.321	-179.876	-178.615	
343	-11.7072	2.74571e+006	889.876	1645	-83.468	155.816	-177.17	-173.2	79.374	-166.344	-154.336	86.016	168.501	82.928	-75.136	-169.977	-136.842	19.118	-174.114	58.851	-85.471	-163.456	160.958	-179.79	52.873	175.321	-179.876	-178.615	
344	-11.7072	2.75395e+006	891.857	1646	-83.468	155.816	-177.17	-173.2	79.374	-166.344	-154.336	86.016	168.501	82.928	-75.136	-169.977	-136.842	19.118	-174.114	58.851	-85.471	-163.456	160.958	-179.79	52.873	175.321	-179.876	-178.615	
345	-11.7072	2.76202e+006	894.376	1646	-83.468	155.816	-177.17	-173.2	79.374	-166.344	-154.336	86.016	168.501	82.928	-75.136	-169.977	-136.842	19.118	-174.114	58.851	-85.471	-163.456	160.958	-179.79	52.873	175.321	-179.876	-178.615	
346	-11.7072	2.76891e+006	897.845	1647	-83.468	155.816	-177.17	-173.2	79.374	-166.344	-154.336	86.016	168.501	82.928	-75.136	-169.977	-136.842	19.118	-174.114	58.851	-85.471	-163.456	160.958	-179.79	52.873	175.321	-179.876	-178.615	
347	-11.7072	2.77689e+006	900.955	1649	-83.468	155.816	-177.17	-173.2	79.374	-166.344	-154.336	86.016	168.501	82.928	-75.136	-169.977	-136.842	19.118	-174.114	58.851	-85.471	-163.456	160.958	-179.79	52.873	175.321	-179.876	-178.615	
348	-11.7072	2.78424e+006	902.977	1650	-83.468	155.816	-177.17	-173.2	79.374	-166.344	-154.336	86.016	168.501	82.928	-75.136	-169.977	-136.842	19.118	-174.114	58.851	-85.471	-163.456	160.958	-179.79	52.873	175.321	-179.876	-178.615	
349	-11.7072	2.79251e+006	904.897	1651	-83.468	155.816	-177.17	-173.2	79.374	-166.344	-154.336	86.016	168.501	82.928	-75.136	-169.977	-136.842	19.118	-174.114	58.851	-85.471	-163.456	160.958	-179.79	52.873	175.321	-179.876	-178.615	
350	-11.7072	2.80127e+006	908.818	1653	-83.468	155.816	-177.17	-173.2	79.374	-166.344	-154.336	86.016	168.501	82.928	-75.136	-169.977	-136.842	19.118	-174.114	58.851	-85.471	-163.456	160.958	-179.79	52.873	175.321	-179.876	-178.615	
351	-11.7072	2.80861e+006	912.387	1653	-83.468	155.816	-177.17	-173.2	79.374	-166.344	-154.336	86.016	168.501	82.928	-75.136	-169.977	-136.842	19.118	-174.114	58.851	-85.471	-163.456	160.958	-179.79	52.873	175.321	-179.876	-178.615	
352	-11.7072	2.81692e+006	915.428	1655	-83.468	155.816	-177.17	-173.2	79.374	-166.344	-154.336	86.016	168.501	82.928	-75.136	-169.977	-136.842	19.118	-174.114	58.851	-85.471	-163.456	160.958	-179.79	52.873	175.321	-179.876	-178.615	
353	-11.7072	2.8244e+006	917.377	1655	-83.468	155.816	-177.17	-173.2	79.374	-166.344	-154.336	86.016	168.501	82.928	-75.136	-169.977	-136.842	19.118	-174.114	58.851	-85.471	-163.456	160.958	-179.79	52.873	175.321	-179.876	-178.615	
354	-11.7072	2.83177e+006	919.156	1655	-83.468	155.816	-177.17	-173.2	79.374	-166.344	-154.336	86.016	168.501	82.928	-75.136	-169.977	-136.842	19.118	-174.114	58.851	-85.471	-163.456	160.958	-179.79	52.873	175.321	-179.876	-178.615	
355	-11.7072	2.83927e+006	922.505	1657	-83.468	155.816	-177.17	-173.2	79.374	-166.344	-154.336	86.016	168.501	82.928	-75.136	-169.977	-136.842	19.118	-174.114	58.851	-85.471	-163.456	160.958	-179.79	52.873	175.321	-179.876	-178.615	
356	-11.7072	2.84744e+006	925.405	1658	-83.468	155.816	-177.17	-173.2	79.374	-166.344	-154.336	86.016	168.501	82.928	-75.136	-169.977	-136.842	19.118	-174.114	58.851	-85.471	-163.456	160.958	-179.79	52.873	175.321	-179.876	-178.615	
357	-11.7072	2.85585e+006	927.944	1658	-83.468	155.816	-177.17	-173.2	79.374	-166.344	-154.336	86.016	168.501	82.928	-75.136	-169.977	-136.842	19.118	-174.114	58.851	-85.471	-163.456	160.958	-179.79	52.873	175.321	-179.876	-178.615	
358	-11.7072	2.86358e+006	929.924	1659	-83.468	155.816	-177.17	-173.2	79.374	-166.344	-154.336	86.016	168.501	82.928	-75.136	-169.977	-136.842	19.118	-174.114	58.851	-85.471	-163.456	160.958	-179.79	52.873	175.321	-179.876	-178.615	
359	-11.7072	2.87141e+006	931.843	1662	-83.468	155.816	-177.17	-173.2	79.374	-166.344	-154.336	86.016	168.501	82.928	-75.136	-169.977	-136.842	19.118	-174.114	58.851	-85.471	-163.456	160.958	-179.79	52.873	175.321	-179.876	-178.615	
360	-11.7072	2.87913e+006	935.263	1663	-83.468	155.816	-177.17	-173.2	79.374	-166.344	-154.336	86.016	168.501	82.928	-75.136	-169.977	-136.842	19.118	-174.114	58.851	-85.471	-163.456	160.958	-179.79	52.873	175.321	-179.876	-178.615	
361	-11.7072	2.88808e+006	939.602	1663	-83.468	155.816	-177.17	-173.2	79.374	-166.344	-154.336	86.016	168.501	82.928	-75.136	-169.977	-136.842	19.118	-174.114	58.851	-85.471	-163.456	160.958	-179.79	52.873	175.321	-179.876	-178.615	
362	-11.7072	2.89549e+006	941.971	1664	-83.468	155.816	-177.17	-173.2	79.374	-166.344	-154.336	86.016	168.501	82.928	-75.136	-169.977	-136.842	19.118	-174.114	58.851	-85.471	-163.456	160.958	-179.79	52.873	175.321	-179.876	-178.615	
363	-11.7072	2.90397e+006	945.53	1665	-83.468	155.816	-177.17	-173.2	79.374	-166.344	-154.336	86.016	168.501	82.928	-75.136	-169.977	-136.842	19.118	-174.114	58.851	-85.471	-163.456	160.958	-179.79	52.873	175.321	-179.876	-178.615	
364	-11.7072	2.91184e+006	948.219	1666	-83.468	155.816	-177.17	-173.2	79.374	-166.344	-154.336	86.016	168.501	82.928	-75.136	-169.977	-136.842	19.118	-174.114	58.851	-85.471	-163.456	160.958	-179.79	52.873	175.321	-179.876	-178.615	
365	-11.7072	2.92005e+006	951.731	1667	-83.468	155.816	-177.17	-173.2	79.374	-166.344	-154.336	86.016	168.501	82.928	-75.136	-169.977	-136.842	19.118	-174.114	58.851	-85.471	-163.456	160.958	-179.79	52.873	175.321	-179.876	-178.615	
366	-11.7072	2.92907e+006	954.57	1669	-83.468	155.816	-177.17	-173.2	79.374	-166.344	-154.336	86.016	168.501	82.928	-75.136	-169.977	-136.842	19.118	-174.114	58.851	-85.471	-163.456	160.958	-179.79	52.873	175.321	-179.876	-178.615	
367	-11.7072	2.93745e+006	956.718	1670	-83.468	155.816	-177.17	-173.2	79.374	-166.344	-154.336	86.016	168.501	82.928	-75.136	-169.977	-136.842	19.118	-174.114	58.851	-85.471	-163.456	160.958	-179.79	52.873	175.321	-179.876	-178.615	
368	-11.7072	2.94548e+006	960.059	1670	-83.468	155.816	-177.17	-173.2	79.374	-166.344	-154.336	86.016	168.501	82.928	-75.136	-169.977	-136.842	19.118	-174.114	58.851	-85.471	-163.456	160.958	-179.79	52.873	175.321	-179.876	-178.615	
369	-11.7072	2.9538e+006	962.918	1671	-83.468	155.816	-177.17	-173.2	79.374	-166.344	-154.336	86.016	168.501	82.928	-75.136	-169.977	-136.842	19.118	-174.114	58.851	-85.471	-163.456	160.958	-179.79	52.873	175.321	-179.876	-178.615	
370	-11.7072	2.9622e+006	966.657	1673	-83.468	155.816	-177.17	-173.2	79.374	-166.344	-154.336	86.016	168.501	82.928	-75.136	-169.977	-136.842	19.118	-174.114	58.851	-85.471	-163.456	160.958	-179.79	52.873	175.321	-179.876	-178.615	
371	-11.7072	2.97009e+006	970.197	1673	-83.468	155.816	-177.17	-173.2	79.374	-166.344	-154.336	86.016	168.501	82.928	-75.136	-169.977	-136.842	19.118	-174.114	58.851	-85.471	-163.456	160.958	-179.79	52.873	175.321	-179.876	-178.615	
372	-11.7072	2.97748e+006	973.517	1673	-83.468	155.816	-177.17	-173.2	79.374	-166.344	-154.336	86.016	168.501	82.928	-75.136	-169.977	-136.842	19.118	-174.114	58.851	-85.471	-163.456	160.958	-179.79	52.873	175.321	-179.876	-178.615	
373	-11.7072	2.98614e+006	976.107	1673	-83.468	155.816	-177.17	-173.2	79.374	-166.344	-154.336	86.016	168.501	82.928	-75.136	-169.977	-136.842	19.118	-174.114	58.851	-85.471	-163.456	160.958	-179.79	52.873	175.321	-179.876	-178.615	
374	-11.7072	2.99423e+006	978.115	1673	-83.468	155.816	-177.17	-173.2	79.374	-166.344	-154.336	86.016	168.501	82.928	-75.136	-169.977	-136.842	19.118	-174.114	58.851	-85.471	-163.456	160.958	-179.79	52.873	175.321	-179.876	-178.615	
375	-11.7072	3.00332e+006	982.267	1673	-83.468	155.816	-177.17	-173.2	79.374	-166.344	-154.336	86.016	168.501	82.928	-75.136	-169.977	-136.842	19.118	-174.114	58.851	-85.471	-163.456	160.958	-179.79	52.873	175.321	-179.876	-178.615	
376	-11.7072	3.01119e+006	985.957	1674	-83.468	155.816	-177.17	-173.2	79.374	-166.344	-154.336	86.016	168.501	82.928	-75.136	-169.977	-136.842	19.118	-174.114	58.851	-85.471	-163.456	160.958	-179.79	52.873	175.321	-179.876	-178.615	
377	-11.7072	3.01893e+006	989.767	1674	-83.468	155.816	-177.17	-173.2	79.374	-166.344	-154.336	86.016	168.501	82.928	-75.136	-169.977	-136.842	19.118	-174.114	58.851	-85.471	-163.456	160.958	-179.79	52.873	175.321	-179.876	-178.615	
378	-11.7072	3.0267e+006	993.566	1675	-83.468	155.816	-177.17	-173.2	79.374	-166.344	-154.336	86.016	168.501	82.928	-75.136	-169.977	-136.842	19.118	-174.114	58.851	-85.471	-163.456	160.958	-179.79	52.873	175.321	-179.876	-178.615	
379	-11.7072	3.03459e+006	997.905	1676	-83.468	155.816	-177.17	-173.2	79.374	-166.344	-154.336	86.016	168.501	82.928	-75.136	-169.977	-136.842	19.118	-174.114	58.851	-85.471	-163.456	160.958	-179.79	52.873	175.321	-179.876	-178.615	
380	-11.7072	3.04257e+006	1000.99	1676	-83.468	155.816	-177.17	-173.2	79.374	-166.344	-154.336	86.016	168.501	82.928	-75.136	-169.977	-136.842	19.118	-174.114	58.851	-85.471	-163.456	160.958	-179.79	52.873	175.321	-179.876	-178.615	
381	-11.7072	3.05019e+006	1003.2	1677	-83.468	155.816	-177.17	-173.2	79.374	-166.344	-154.336	86.016	168.501	82.928	-75.136	-169.977	-136.842	19.118	-174.114	58.851	-85.471	-163.456	160.958	-179.79	52.873	175.321	-179.876	-178.615	
382	-11.7072	3.05763e+006	1005.48	1678	-83.468	155.816	-177.17	-173.2	79.374	-166.344	-154.336	86.016	168.501	82.928	-75.136	-169.977	-136.842	19.118	-174.114	58.851	-85.471	-163.456	160.958	-179.79	52.873	175.321	-179.876	-178.615	
383	-11.7072	3.06598e+006	1009.79	1679	-83.468	155.816	-177.17	-173.2	79.374	-166.344	-154.336	86.016	168.501	82.928	-75.136	-169.977	-136.842	19.118	-174.114	58.851	-85.471	-163.456	160.958	-179.79	52.873	175.321	-179.876	-178.615	
384	-11.7072	3.07305e+006	1013.21	1679	-83.468	155.816	-177.17	-173.2	79.374	-166.344	-154.336	86.016	168.501	82.928	-75.136	-169.977	-136.842	19.118	-174.114	58.851	-85.471	-163.456	160.958	-179.79	52.873	175.321	-179.876	-178.615	
385	-11.7072	3.0822e+006	1016.58	1679	-83.468	155.816	-177.17	-173.2	79.374	-166.344	-154.336	86.016	168.501	82.928	-75.136	-169.977	-136.842	19.118	-174.114	58.851	-85.471	-163.456	160.958	-179.79	52.873	175.321	-179.876	-178.615	
386	-11.7072	3.09037e+006	1019.28	1679	-83.468	155.816	-177.17	-173.2	79.374	-166.344	-154.336	86.016	168.501	82.928	-75.136	-169.977	-136.842	19.118	-174.114	58.851	-85.471	-163.456	160.958	-179.79	52.873	175.321	-179.876	-178.615	
387	-11.7072	3.09897e+006	1023.57	1680	-83.468	155.816	-177.17	-173.2	79.374	-166.344	-154.336	86.016	168.501	82.928	-75.136	-169.977	-136.842	19.118	-174.114	58.851	-85.471	-163.456	160.958	-179.79	52.873	175.321	-179.876	-178.615	
388	-11.7072	3.10694e+006	1026.67	1682	-83.468	155.816	-177.17	-173.2	79.374	-166.344	-154.336	86.016	168.501	82.928	-75.136	-169.977	-136.842	19.118	-174.114	58.851	-85.471	-163.456	160.958	-179.79	52.873	175.321	-179.876	-178.615	
389	-11.7072	3.11495e+006	1029.73	1683	-83.468	155.816	-177.17	-173.2	79.374	-166.344	-154.336	86.016	168.501	82.928	-75.136	-169.977	-136.842	19.118	-174.114	58.851	-85.471	-163.456	160.958	-179.79	52.873	175.321	-179.876	-178.615	
390	-11.7072	3.12204e+006	1032.56	1685	-83.468	155.816	-177.17	-173.2	79.374	-166.344	-154.336	86.016	168.501	82.928	-75.136	-169.977	-136.842	19.118	-174.114	58.851	-85.471	-163.456	160.958	-179.79	52.873	175.321	-179.876	-178.615	
391	-11.7072	3.13193e+006	1035.82	1685	-83.468	155.816	-177.17	-173.2	79.374	-166.344	-154.336	86.016	168.501	82.928	-75.136	-169.977	-136.842	19.118	-174.114	58.851	-85.471	-163.456	160.958	-179.79	52.873	175.321	-179.876	-178.615	
392	-11.7072	3.14053e+006	1039.74	1685	-83.468	155.816	-177.17	-173.2	79.374	-166.344	-154.336	86.016	168.501	82.928	-75.136	-169.977	-136.842	19.118	-174.114	58.851	-85.471	-163.456	160.958	-179.79	52.873	175.321	-179.876	-178.615	
393	-11.7072	3.1483e+006	1042.5	1686	-83.468	155.816	-177.17	-173.2	79.374	-166.344	-154.336	86.016	168.501	82.928	-75.136	-169.977	-136.842	19.118	-174.114	58.851	-85.471	-163.456	160.958	-179.79	52.873	175.321	-179.876	-178.615	
