1	-11.7072	-83.468	155.816	-177.17	-173.2	79.374	-166.344	-154.336	86.016	168.501	82.928	-75.136	-169.977	-136.842	19.118	-174.114	58.851	-85.471	-163.456	160.958	-179.79	52.873	175.321	-179.876	-178.615	
2	-10.5529	-78.114	139.546	-167.129	-163.979	79.462	-156.198	-89.905	60.781	178.994	69.228	-86.467	174.986	-100.159	-25.536	-172.666	72.485	-93.746	-83.307	133.639	178.1	-169.46	176.292	-179.943	-60.014	
3	-10.2992	68.131	16.729	178.336	-170.264	-115.366	6.942	57.586	37.154	-179.44	81.552	-70.128	-172.968	-141.149	18.169	-168.084	57.714	93.906	-103.632	108.308	-179.504	-66.274	176.225	-174.335	-58.353	
4	-10.2817	-84.074	152.346	-179.093	179.361	-112.601	146.491	-159.255	69.111	177.464	66.246	-94.646	176.772	-77.75	-32.754	-177.107	178.974	80.224	-79.024	141.973	-178.848	-65.421	-179.208	-179.319	-59.935	
5	-10.2816	-81.995	145.18	-177.593	178.124	-119.541	155.66	-149.065	54.168	173.619	81.182	-70.958	-172.24	-118.091	12.874	-175.081	60.103	-90.012	-156.601	168.57	179.968	53.69	175.558	178.783	-58.423	
6	-10.2795	-82.802	155.63	-177.665	-167.029	88.512	-144.126	-161.759	79.221	174.981	66.743	-96.356	178.297	-79.951	-27.25	179.361	72.416	-95.392	-76.931	126.772	-178.514	-173.61	177.826	81.849	-64.23	
7	-10.2474	-84.294	151.4	179.195	176.492	-108.726	149.161	-162.398	76.579	178.364	70.142	-91.471	178.132	-99.374	-14.506	175.543	72.887	-94.027	-74.603	132.485	-178.933	-64.831	-176.658	-177.151	-57.228	
8	-10.2426	-83.04	155.807	-177.906	-167.123	-91.462	35.706	-162.043	80.406	174.871	66.37	-97.06	177.327	-77.604	-33.115	179.155	-179.459	80.444	-71.271	127.354	-178.365	-174.299	177.356	82.135	-63.965	
9	-10.1959	-84.2	153.351	-179.898	179.082	-109.187	143.97	-161.94	72.759	177.789	65.815	-95.728	178.145	-79.941	-27.255	179.759	72.319	-95.423	-76.065	128.047	-178.837	-172.239	179.37	83.23	-62.805	
10	-10.1515	-82.402	154.257	-176.993	-167.466	87.277	-146.363	-158.008	78.665	173.845	66.734	-95.648	177.59	-77.816	-32.62	-176.98	178.983	80.206	-79.004	134.115	-178.4	-65.524	-179.249	-179.32	-59.931	
11	-10.1358	-84.27	153.771	179.939	178.821	-108.74	143.832	-162.792	74.24	177.835	65.357	-96.4	177.297	-77.889	-32.865	179.535	-179.408	80.372	-70.438	128.38	-178.676	-172.965	178.98	83.582	-62.627	
12	-10.1337	-84.081	152.034	-179.478	178.827	-111.272	146.351	-159.71	70.739	177.392	66.853	-94.693	177.676	-81.608	-26.9	-179.247	72.593	-95.335	-77.987	131.656	-178.919	-171.335	176.595	179.481	179.904	
13	-10.1243	-169.654	-27.996	178.18	-175.723	84.385	-154.408	79.442	-72.709	-174.791	141.442	-31.743	-179.417	-71.794	-20.361	176.211	70.336	-95.42	-65.92	135.355	-179.091	-69.967	-174.749	-171.07	-177.731	
14	-9.97861	-83.089	154.343	-177.304	-173.169	80.992	-165.317	-153.981	87.27	169.262	81.778	-76.253	-173.837	-140.436	29.692	179.736	-55.756	101.315	-163.104	160.823	-179.82	52.171	173.775	179.855	-179.832	
15	-9.9131	179.338	-17.52	-178.291	178.963	80.352	-6.386	-59.73	-37.713	-178.815	-67.276	-39.763	179.748	-71.356	-38.437	-179.703	174.489	-101.481	-160.591	121.976	-178.08	-174.934	175.125	179.348	179.947	
16	-9.82545	-84.083	152.589	-179.342	179.036	-112.119	146.633	-160.177	70.486	177.372	66.548	-95.175	176.848	-78.491	-32.39	-177.045	179.362	80.434	-79.075	142.993	-178.878	-65.834	179.862	-84.074	-58.136	
17	-9.76841	-84.025	152.512	-179.038	179.298	-112.77	146.694	-159.471	69.217	177.366	66.24	-94.761	176.759	-77.584	-33.216	-176.774	178.584	81.166	-79.893	144.227	-178.872	-65.339	-71.277	179.428	-59.579	
18	-9.3679	-78.264	140.261	-164.708	-164.927	-103.33	28.76	-90.77	61.917	-178.893	71.544	-89.274	174.033	-107.726	-14.707	-178.27	70.702	-91.71	-79.245	129.496	177.256	-64.311	-177.754	-83.146	-55.909	
19	-9.29335	-175.978	-22.724	178.307	171.943	59.934	-151.695	88.326	32.17	171.042	75.609	-81.145	-178.496	-95.12	-36.908	-178.37	178.095	57.431	-163.664	159.288	-177.203	62.075	-173.539	178.667	-60.02	
20	-9.1263	-169.417	-31.18	175.89	168.25	67.283	-145.53	79.279	-68.701	-173.921	179.782	-43.329	173.303	-149.771	26.257	-171.28	56.568	-83.747	-114.998	159.821	-179.517	-60.935	-177.517	-176.732	-178.41	
21	-9.09759	82.256	-9.585	-178.21	-174.807	76.984	-2.934	-64.788	-38.95	-179.634	-69.451	-37.18	179.071	-71.055	-37.29	179.119	177.699	-97.26	-158.466	119.585	-177.787	-175.253	175.698	179.55	179.864	
22	-9.05539	-83.693	155.206	-178.041	-174.648	80.034	-167.103	-153.292	90.844	168.049	80.666	-76.245	-171.384	-136.826	19.703	-173.79	58.01	-85.974	-156.878	137.319	179.346	-171.829	174.999	179.916	-60.017	
23	-8.89156	-84.33	152.652	-179.588	178.766	-110.908	145.975	-160.703	72.002	177.468	66.24	-96.056	176.697	-78.593	-32.502	-179.602	-179.436	80.448	-72.159	131.146	-178.731	-171.818	178.238	-84.072	-58.085	
24	-8.82416	-170.23	-36.677	-170.287	170.628	79.432	-174.614	-60.6	-39.955	-176.247	-67.714	-33.235	-175.98	-88.269	-27.476	-177.563	-60.244	100.785	-159.276	118.627	-178.232	-175.696	173.12	177.161	-60.477	
25	-8.81747	-93.313	165.304	-178.186	62.698	90.805	-177.383	-63.241	94.768	-174.417	149.439	-40.445	171.62	-93.842	-34.392	178.958	172.974	-122.295	-161.001	173.136	179.828	59.612	-176.097	176.864	178.341	
26	-8.78769	-84.463	151.743	179.034	177.43	-110.523	149.853	-161.883	73.909	179.374	69.339	-87.702	-179.713	-102.88	-13.673	-176.307	69.684	-94.227	-72.196	-45.479	178.435	-66.86	178.821	-177.555	-59.032	
27	-8.64041	-166.531	171.667	-178.499	60.5	90.019	-177.47	-63.908	92.413	-174.673	146.88	-35.402	176.193	-109.816	-50.193	-177.241	168.117	-113.307	-159.593	-55.951	-178.06	-173.063	175.752	179.887	-60.01	
28	-8.61185	-148.709	177.858	178.403	71.495	99.718	-177.357	-64.891	91.16	-173.368	150.054	-48.534	168.799	-75.397	-31.208	174.225	174.529	-108.449	-153.451	178.233	-179.925	59.316	-177.701	176.941	178.37	
29	-8.57349	-168.185	-31.632	-178.284	179.256	-92.614	176.862	-64.571	149.903	-178.575	81.301	-63.697	174.14	-55.96	-42.2	175.124	171.772	-119.72	-140.619	164.203	179.725	-78.877	-177.741	174.465	177.692	
30	-8.54958	-82.115	153.766	-176.495	-169.919	-96.432	21.46	-153.475	79.207	169.305	78.22	-79.176	-169.111	-90.249	-30.106	-173.758	-57.429	105.006	-160.541	169.109	179.26	58.894	-178.044	178.979	179.91	
31	-8.47339	-82.566	149.58	179.414	-179.668	-102.883	176.493	-168.212	46.509	174.789	77.903	-74.41	-177.888	-79.287	-7.885	174.357	68.571	-96.596	-138.8	166.648	-179.35	59.387	176.954	179.845	-60.204	
32	-8.47189	-164.572	-39.176	-177.108	176.772	-93.404	-172.828	-63.269	148.451	-177.217	81.888	-61.978	175.408	-58.155	-38.344	179.431	171.43	-107.057	-153.294	145.557	179.121	-168.877	173.266	-179.74	-59.231	
33	-8.40799	-98.253	166.126	-169.861	60.533	-82.05	6.438	-59.41	150.052	-177.948	87.985	-63.721	174.132	-68.395	-28.04	170.158	177.286	-121.287	-125.732	153.973	-179.217	-60.748	-174.601	-172.831	-56.426	
34	-8.24509	-176.873	-20.25	179.283	179.726	-101.041	150.031	-70.357	77.124	-174.795	155.194	-38.072	173.169	-78.138	-42.025	177.722	176.957	-101.199	50.007	-109.755	177.609	-59.05	-66.105	-176.257	-57.111	
35	-8.20971	-82.761	149.681	178.585	179.037	79.206	178.328	-170.602	46.786	174.907	78.197	-73.772	-178.283	-77.847	-8.571	173.496	68.662	-96.808	-138.674	166.407	-179.245	60.129	177.539	-179.742	-60.036	
36	-8.17867	-84.935	156.387	-176.691	-178.77	-119.419	152.117	-164.607	55.916	177.546	77.909	-76.742	-168.601	-92.787	-13.293	-172.237	68.625	-95.873	-70.293	-37.551	178.407	-65.533	179.166	-175.511	-60.202	
37	-8.15143	-84.031	153.16	-179.297	-179.513	71.572	179.653	-166.135	69.333	-179.607	63.744	-98.612	177.183	-69.296	-33.855	-178.666	177.921	79.977	-79.063	144.756	-178.759	-65.368	-179.192	-179.296	-59.924	
38	-8.11429	-170.607	-34.548	-172.029	174.577	-95.527	-177.298	-63.952	-36.628	-176.984	-66.925	-34.633	-177.159	-87.122	-31.974	-178.74	-60.848	100.765	-138.519	105.394	-177.625	-66.415	-173.643	-178.098	-59.776	
39	-8.09365	-78.887	140.709	-168.976	-169.036	72.447	178.304	-88.681	64.045	173.762	72.402	-79.069	-175.722	-125.669	12.424	-173.832	59.837	-88.923	-149.454	145.102	-179.798	-170.594	173.919	179.987	-60.009	
40	-8.04041	-138.95	168.551	178.536	-166.52	74.372	-0.353	84.796	-80.191	173.892	-72.793	-37.112	177.038	-77.279	-31.572	-177.949	175.936	-105.809	-156.755	105.669	-177.575	-176.466	175.681	177.042	-60.443	
41	-8.01694	-85.451	156.301	179.425	-179.852	-108.108	142.093	-166.732	74.77	179.58	64.954	-98.58	176.993	-77.268	-27.568	-178.719	71.899	-95.584	-71.129	126.396	-178.689	-162.256	-161.505	-68.431	-170.312	
42	-8.0167	-165.639	-37.118	-176.38	177.68	-90.909	177.953	-63.154	150.385	-178.873	83.598	-62.005	179.152	-67.82	-37.238	179.845	-58.481	-69.244	-137.488	160.733	179.487	-64.058	-174.53	-178.814	-179.881	
43	-8.00008	-172.115	-27.731	177.224	167.085	61.965	-146.311	80.432	-68.239	-174.741	173.33	-42.209	175.812	-145.133	37.122	179.131	-61.218	-76.791	-136.706	79.69	179.328	-66.845	-176.373	177.92	176.272	
44	-7.95723	67.556	17.757	177.787	-171.094	-114.808	5.15	58.079	41.262	-179.297	78.146	-71.655	-177.676	-142.97	22.044	-171.559	57.031	95.176	-90.691	109.404	-178.609	-170.215	177.461	179.707	59.756	
45	-7.952	-166.971	-38.656	-179.197	176.467	-98.858	-171.619	-67.027	-35.564	179.016	-74.709	-35.989	-179.331	-69.535	-39.62	176.749	177.535	70.684	-81.593	-14.796	179.677	-67.624	-70.459	-179.46	-56.616	
46	-7.87347	-170.151	-30.596	177.519	168.523	66.378	-143.662	79.874	-71.669	-175.348	176.761	-47.578	178.001	-91.65	-50.323	-174.297	175.452	-112.644	-164.897	136.119	178.835	-171.772	175.28	179.964	179.992	
47	-7.85182	-84.875	151.352	179.427	175.191	-113.35	156.37	-163.605	75.282	178.433	76.365	-77.985	-178.319	-147.441	22.511	-172.404	58.38	-83.889	-166.157	-2.621	-179.203	54.291	176.355	178.323	-179.229	
48	-7.79486	-168.686	-30.536	-179.096	-179.494	-92.452	175.958	-64.126	147.76	-178.325	81.289	-63.205	175.463	-55.612	-42.28	176.168	172.05	-120.242	-141.207	-10.986	-179.38	-79.549	-177.713	174.267	177.58	
49	-7.77939	53.73	13.082	-176.131	60.901	90.278	-151.814	75.662	-161.319	177.337	62.294	-115.647	-177.908	-87.495	-15.041	-178.713	-179.172	-108.488	50.75	41.018	-177.168	-59.336	-178.824	178.063	-64.409	
50	-7.75766	-79.13	142.373	-170.864	177.456	-124.669	-1.847	-59.787	-38.425	-177.554	-67.911	-33.015	-175.234	-83.054	-34.845	-179.584	179.665	62.361	-160.539	153.918	-179.054	59.346	-175.411	176.477	177.315	
51	-7.74263	-172.313	-26.243	176.981	173.553	61.66	-154.522	105.556	-46.934	178.735	94.887	-54.533	171.99	-61.356	-25.285	178.112	65.238	-97.188	-61.735	130.709	-179.092	-175.192	173.362	176.697	-60.441	
52	-7.69752	-82.253	144.349	179.921	178.72	-108.744	144.11	-148.511	66.999	178.397	66.441	-93.08	176.836	-83.413	-29.93	-175.423	-179.973	80.214	-74.879	-43.235	173.044	-66.294	-179.728	-179.204	-59.913	
53	-7.68187	-82.358	144.528	179.874	178.366	-109.028	145.047	-149.106	67.283	178.026	67.287	-92.265	177.222	-87.08	-25.829	-177.034	71.956	-95.471	-74.944	-47.034	174.405	-170.584	176.813	179.684	-60.034	
54	-7.62485	-83.192	154.47	-177.366	-173.27	-98.925	14.421	-153.975	87.148	169.115	81.984	-75.271	-172.705	-141.339	27.48	175.119	48.119	-89.412	-161.265	159.128	-179.835	62.883	-166.381	-65.035	-43.389	
55	-7.5551	-167.634	-30.803	-177.694	-177.856	-100.034	1.555	-72.883	76.439	179.797	165.281	-61.92	-179.022	-97.522	-12.25	172.593	66.529	-95.952	52.925	-113.705	178.133	-57.934	-67.432	177.642	-59.034	
56	-7.55236	-80.768	145.994	178.232	-166.798	95.788	-151.117	-159.904	84.18	-171.322	80.628	-55.378	168.419	-127.713	168.068	-178.847	61.381	-88.641	-77.536	111.882	-178.895	-171.242	176.044	-179.704	-59.934	
57	-7.51173	81.248	-9.913	177.234	174.431	59.933	-147.167	75.366	28.672	172.577	77.564	-76.576	-176.2	-92.72	-42.466	-175.333	177.204	71.382	-162.909	142.066	-177.417	-171.507	174.204	-179.891	-60.009	
58	-7.50369	-85.712	155.402	179.658	177.897	66.451	-25.051	-169.632	75.767	-175.746	73.068	-73.986	170.065	-97.776	-45.403	-175.728	176.384	70.693	-163.274	144.391	-179.486	-171.529	173.847	179.984	60	
59	-7.4681	-177.352	-21.423	178.934	171.617	59.132	-152.634	88.353	27.503	171.355	77.327	-77.192	-176.749	-95.982	-38.639	-175.385	-57.599	103.459	-160.357	143.851	-178.044	-172.158	171.196	80.061	-64.164	
60	-7.46338	-85.509	153.664	179.681	175.003	67.71	-22.707	-167.958	76.695	-179.76	78.823	-73.788	178.144	-139.926	24.474	179.646	-56.322	100.59	-93.584	146.747	-179.459	-67.374	175.026	-176.53	-179.508	
61	-7.40076	-160.182	156.02	175.832	57.518	86.82	-8.328	54.803	-119.585	175.565	-118.701	17.089	178.999	-84.265	-41.142	171.479	-172.384	-107.386	-163.617	-16.288	174.242	62.104	-174.013	173.941	-65.465	
62	-7.38502	-83.123	144.768	178.57	173.521	63.444	-20.115	-153.239	75.454	174.168	75.852	-76.175	177.028	-136.396	25.236	-179.583	-55.556	-79.198	-133.475	158.802	-179.875	-62.635	-175.014	-179.12	-179.901	
63	-7.37196	-85.41	152.345	178.69	178.763	-110.023	151.068	-165.273	71.508	-174.03	75.552	-68.323	171.158	-73.099	154.444	-178.204	-178.864	70.538	-58.398	-55.617	179.025	-173.858	175.507	179.809	60.064	
64	-7.3603	-164.18	-45.617	-177.464	177.439	-97.711	177.375	-74.047	-27.508	178.442	-64.788	-35.257	178.414	-85.318	-40.039	179.065	-60.913	103.1	-104.357	86.502	-177.241	-60.791	-173.871	-173.793	-59.112	
65	-7.34928	-176.155	-18.874	174.876	58.397	-86.454	-3.982	112.422	-159.822	179.758	65.93	-88.062	178.754	-91.076	-38.489	-177.888	-60.319	-77.992	-166.707	160.071	179.435	57.462	-178.418	178.027	179.017	
66	-7.32911	174.05	-7.759	178.726	65	-84.216	3.103	84.776	-143.655	179.049	65.27	-99.879	177.54	-85.909	-27.085	179.867	-56.696	108.703	-75.821	128.459	-178.572	-172.608	177.017	179.422	-60.123	
67	-7.32331	-83.914	152.229	179.39	177.505	-109.669	149.207	-163.673	73.369	177.735	73.647	-86.029	-177.363	-88.014	-50.172	179.929	177.717	-101.234	-78.466	160.832	-178.77	74.269	-170.626	175.305	173.6	
68	-7.26613	69.541	14.039	-179.144	-166.055	-115.495	-7.323	-68.369	-25.016	-179.204	-64.188	-29.744	-179.137	-74.889	-28.358	-173.628	-176.963	-92.318	-77.991	130.996	-178.438	-63.385	-179.471	-168.496	-56.273	
69	-7.23935	-172.094	-26.655	177.146	173.368	57.317	-155.304	109.891	-32.599	176.59	87.925	-63.255	178.751	-67.593	-21.645	-179.773	65.778	-98.605	-56.08	126.472	-177.248	-176.681	172.72	176.501	-60.484	
70	-7.19266	-80.877	151.046	178.435	-166.488	92.471	-9.016	-162.158	146.208	-179.818	64.42	-99.344	176.028	-139.973	25.693	-175.59	-56.727	100.743	-137.549	147.532	179.735	-64.84	-174.29	-179.209	-179.942	
71	-7.15086	-164.048	147.691	174.241	60.373	-86.404	4.663	59.877	-105.649	-176.121	-76.863	-30.719	-177.042	-82.627	-21.749	172.232	-60.046	-71.885	-158.448	119.391	-177.671	-168	178.34	179.808	-60.028	
72	-7.14469	177.976	-9.868	169.698	-179.699	50.613	-4.867	60.806	43.338	179.486	77.594	-72.019	179.152	-146.558	31.81	-176.371	-59.474	102.486	-87.254	130.373	-179.228	-167.914	177.827	179.796	-60.024	
73	-7.0357	-167.154	-42.746	-171.549	170.945	79.534	11.158	-63.924	-35.4	-177.254	-66.128	-33.442	-177.651	-87.023	-35.853	179.688	-60.95	100.851	-160.592	121.627	-178.735	-173.446	169.88	80.646	-62.617	
74	-6.98836	-172.803	-27.298	-179.17	58.787	94.041	-4.211	155.333	142.253	177.157	76.079	-74.428	-176.541	-66.507	-36.135	178.826	177.43	-119.852	-162.183	-7.784	178.439	60.968	-174.984	175.18	56.505	
75	-6.96192	-84.581	147.633	172.505	171.002	-101.589	154.622	-163.392	93.312	-174.024	72.716	-76.366	170.367	-149.028	21.396	-171.573	56.84	-85.168	-109.46	141.044	-179.62	-61.311	-177.814	-177.154	-58.646	
76	-6.86589	-167.958	-31.388	-177.541	-176.733	91.84	-2.162	84.826	49.679	179.648	171.034	-76.096	174.628	-65.61	-30.171	177.848	176.933	-113.313	-160.185	176.897	179.543	58.595	-177.697	176.104	178.186	
77	-6.85833	-163.694	-38.316	179.226	-178.233	-87.604	0.328	-160.609	63.103	177.863	65.521	-98.072	177.313	-70.747	-27.895	178.527	72.542	-94.69	-82.092	-39.522	168.391	-169.701	171.312	174.888	-60.244	
78	-6.81581	-98.811	163.938	175.349	-176.321	-105.257	-1.339	88.231	-80.974	179.131	-74.936	-27.749	-176.926	-87.545	-37.918	-177.249	-64.808	-84.911	-164.79	155.272	-179.403	54.885	-179.623	176.55	-179.006	
79	-6.80756	-161.388	-46.779	-175.731	178.333	-93.992	179.074	-74.458	-53.89	-179.661	-72.326	-27.871	178.625	-64.425	-40.908	178.179	177.887	71.367	-79.873	-28.657	178.639	-73.091	175.991	175.545	-178.535	
80	-6.80408	-165.425	157.442	175.191	60.782	-89.196	5.193	52.944	-127.323	175.329	-108.157	10.423	-179.538	-83.703	-36.884	175.814	-176.679	-95.277	-156.399	-43.078	176.993	-170.178	70.273	-178.812	-59.91	
81	-6.6293	-168.589	-35.723	-177.614	170.232	-120.165	179.493	67.13	-149.17	176.24	64.13	-97.079	175.934	-69.308	-35.263	-179.202	178.683	-101.094	-83.626	135.577	-178.427	-64.659	-178.578	-174.109	60.925	
82	-6.56516	-82.977	159.451	177.294	-172.064	-94.46	-176.265	103.711	140.165	179.732	77.081	-74.454	-176.799	-80.343	-15.86	173.49	71.315	-95.257	-151.988	128.686	-179.999	-170.601	-177.556	178.624	179.812	
83	-6.56516	-83.152	159.491	177.317	-171.98	-94.505	-176.273	103.628	140.342	179.758	77.053	-74.474	-176.79	-80.325	-15.899	173.464	71.276	-95.275	-152.056	128.627	179.962	-170.577	-177.535	178.68	179.841	
84	-6.52946	-84.748	22.818	-174.474	48.943	-94.106	-0.013	72.833	-167.184	178.167	63.439	-102.032	-178.683	-85.88	-20.834	176.479	-177.859	-120.852	-133.73	80.045	178.624	-64.591	-170.977	-177.29	-57.334	
85	-6.46804	-166.233	-36.261	-179.588	-179.523	86.619	-0.804	-167.816	66.512	175.581	64.771	-96.858	175.35	-63.075	-35.512	177.205	177.039	-100.519	-79.716	-40.253	167.417	-65.237	-178.643	-179.356	60.039	
86	-6.40626	-81.556	144.044	178.306	-166.793	95.935	-151.814	-157.269	84.096	-171.353	79.752	-57.082	165.827	-125.989	162.789	177.124	-173.468	-114.086	-65.716	-60.224	179.4	-176.456	66.238	-178.037	-179.76	
87	-6.33866	-82.845	144.892	177.563	177.72	-100.134	-2.628	-163.519	67.94	-179.496	63.476	-97.716	176.287	-66.87	-34.795	-179.801	177.516	79.981	-77.12	-37.967	166.615	-66.095	-179.585	-179.228	-59.945	
88	-6.19769	-176.743	-21.735	-178.8	59.306	-89.541	-10.79	154.627	133.796	173.558	74.585	-80.675	-174.909	-76.323	-22.286	-177.205	-179.617	-103.349	-142.992	-37.27	176.848	-174.983	174.589	178.816	59.895	
89	-6.04501	-170.643	-20.855	168.668	-171.056	-123.794	175.248	59.52	47.911	179.468	81.974	-69.841	-179.393	-160.029	67.103	170.964	-173.274	-114.948	-161.769	-174.121	179.603	56.699	176.642	177.737	176.503	
90	-5.93627	-37.616	-39.658	-178.17	-175.647	-95.095	170.016	-64.242	107.826	-178.289	75.737	39.769	-179.5	-155.513	-49.482	175.275	173.461	-122.615	-136.142	-2.754	177.958	-78.289	179.797	174.517	177.566	
91	-5.93567	-100.707	152.243	176.704	-65.782	-92.02	178.835	148.936	63.7	176.668	87.871	-61.788	176.38	-60.953	-22.113	169.617	62.788	-98.31	-150.911	145.404	-178.19	-178.582	168.017	73.797	50.88	
92	-5.7058	-167.974	-49.571	-172.09	168.352	74.706	7.688	-65.405	-28.836	179.333	-63.523	-36.932	-174.777	-89.533	-47.902	-176.88	175.22	-109.282	-164.226	122.926	-179.781	-169.959	175.791	-179.908	179.968	
93	-5.62024	-83.311	159.741	177.485	-172.217	-95.321	-175.959	103.576	139.903	179.807	77.194	-74.271	-176.829	-80.68	-15.363	173.516	71.53	-95.097	-152.148	128.827	-179.798	-168.685	-174.047	-79.949	-175.453	
94	-5.61885	179.796	-17.626	-179.679	55.454	86.323	-2.84	69.993	-89.31	173.871	-144.443	27.573	178.064	-81.807	-30.286	-179.796	-179.055	-100.435	-69.856	-44.431	178.283	-172.09	175.672	179.828	-59.978	
95	-5.53248	-172.57	-23.933	177.515	66.26	97.515	-3.384	81.024	-69.734	-177.334	95.604	-52.201	172.238	-68.05	-20.245	177.36	69.636	-95.81	-64.036	127.767	-178.303	-70.037	179.911	-174.682	62.223	
96	-5.49707	-152.781	-33.097	174.82	-48.925	-62.033	177.448	-171.864	-73.834	175.004	-80.092	-32.56	-178.139	-70.401	-45.576	174.473	176.739	-127.727	-165.006	-19.596	175.466	60.746	-173.893	-179.975	-59.696	
97	-4.27182	-76.28	92.939	-178.505	173.259	-124.595	141.902	-89.25	-17.187	-172.434	-84.472	63.099	-178.869	-71.078	-33.323	178.647	-62.519	110.527	-72.385	126.47	-178.356	-171.165	70.212	-178.896	-59.858	
98	-3.219	-167.749	-34.474	179.803	174.422	-112.537	179.096	78.582	-71.736	179.238	66.234	-94.117	-179.546	-86.422	-28.052	-178.8	-58.11	-73.263	-160.089	118.642	179.31	-173.165	175.86	179.874	179.976	
99	-2.62184	75.056	2.667	-177.971	-173.142	69.901	-178.878	-140.444	176.788	-178.723	67.442	-100.21	174.606	-79.388	-31.339	-177.896	-179.189	76.05	-95.957	176.103	178.725	-62.553	-177.227	-179.376	60.045	
100	-0.607503	-168.863	-22.297	175.128	-65.306	-81.851	179.846	84.178	-64.686	178.347	-80.455	-28.582	-175.755	46.744	46.315	-178.979	-55.423	105.731	-157.931	-42.967	-179.657	-169.28	70.621	-178.859	-59.838	
