1	-9.81081	-84.14	151.828	-179.627	178.569	-111.901	147.957	-159.854	70.708	177.778	67.645	-91.418	177.646	-86.644	-27.271	-179.133	-58.094	107.225	-78.719	141.932	-178.954	-65.307	-179.382	-179.167	60.061	
2	-9.33532	-148.652	152.74	-179.828	178.211	-110.642	147.152	-161.464	72.793	177.6	67.075	-93.31	177.54	-85.002	-28.951	178.764	-58.708	-72.63	-72.572	132.224	-178.819	-172.807	176.539	179.127	59.862	
3	-9.14515	53.339	151.366	-178.835	178.513	67.752	-32.856	-158.06	69.38	177.169	66.394	-94.462	176.753	-78.022	-33.113	-176.639	178.603	-98.834	-79.865	144.032	-178.96	-65.335	-71.281	179.354	60.406	
4	-8.65189	-82.318	154.204	-177.046	-167.504	-92.867	30.961	-158.254	79.683	173.76	68.674	-91.792	178.373	-87.774	-27.211	-178.297	-57.984	-73.081	-79.963	135.208	-178.513	-65.313	-71.784	178.17	-60.236	
5	-7.91714	-75.786	107.651	-173.281	178.176	-103.127	36.212	-93.417	66.554	169.973	80.176	-70.371	-177.87	-89.139	-38.119	-172.554	178.032	-111.085	-158.527	148.882	175.684	-171.599	172.385	179.986	179.99	
6	-7.03423	-83.995	153.314	-179.714	179.183	72.64	-179.419	-167.247	72.402	-179.737	65.523	-95.766	178.567	-79.87	-28.362	179.485	-59.256	-71.383	-79.673	147.886	-178.941	-66.116	-179.967	-85.148	60.833	
7	-6.90302	83.018	-14.633	178.715	173.299	57.556	-150.549	80.919	25.958	171.661	78.754	-76.337	-174.916	-94.263	-48.361	-179.158	176.463	-120.026	-146.127	143.694	-177.637	-81.671	-175.073	177.766	-61.569	
8	-6.71767	-84.155	153.394	-179.338	-179.682	72.974	-179.286	-166.491	71.98	179.945	63.352	-100.712	177.703	-69.156	-34.028	179.464	179.026	80.637	-73.464	131.581	-178.585	-171.361	69.681	-178.746	60.145	
9	-6.53062	-86.483	26.753	-174.965	49.5	-90.888	2.768	85.312	153.3	179.642	75.348	-75.339	-177.252	-71.975	-37.04	179.188	177.855	-120.328	-161.879	161.643	179.735	61.258	-175.035	175.511	175.892	
10	-6.3656	-82.41	134.458	170.45	163.266	-119.84	-164.001	-96.271	-115.258	174.863	61.131	-111.903	178.452	-71.628	-31.708	-178.854	-179.848	-99.934	-80.305	131.226	-179.025	-172.138	177.008	179.388	179.963	
11	-6.01192	84.058	-29.45	-178.384	-57.588	-68.567	0.34	-167.834	64.468	175.406	65.628	-97.26	177.692	-67.986	-28.176	176.853	71.768	85.28	-81.765	119.829	-177.139	-168.838	-176.025	174.541	-60.757	
12	-5.90989	-37.81	-35.934	-177.998	-177.418	-95.533	1.393	-168.514	76.908	177.746	68.856	-94.227	-179.79	-92.752	-15.404	175.173	73.844	-94.556	-73.664	132.296	-178.871	-65.4	-176.754	-177.071	-57.307	
13	-5.86275	-37.29	-39.397	-177.754	-175.719	-88.458	-0.685	-75.238	77.331	-176.529	133.719	-42.809	175.981	-75.366	-24.442	172.65	-179.735	-121.892	-133.084	164.268	-179.534	-62.406	-170.574	-175.007	-56.407	
14	-5.44756	-165.522	-32.647	179.418	57.271	94.307	0.061	-89.042	64.744	-175.251	65.592	-91.323	177.966	-92.136	-26.059	-174.022	-57.446	-74.157	-87.814	85.308	-179.025	-64.086	-71.022	177.631	-60.296	
15	-5.26553	-168.77	-32.295	-179.907	175.743	-107.929	0.893	78.052	-74.274	-179.28	64.611	-99.071	176.328	-74.148	-33.379	-177.36	179.06	-100.938	-86.43	133.151	-178.505	-64.147	-178.299	-179.287	60.162	
16	-5.01792	-89.045	158.385	175.598	-175.142	78.385	1.128	65.164	-100.138	178.294	-67.986	-25.754	175.963	-119.134	45.729	176.52	-54.487	99.213	-71.809	-46.688	179.107	-169.276	71.44	179.549	-179.939	
17	-4.90993	-38.794	-35.697	-178.32	-53.477	123.24	-179.898	-152.742	40.852	172.432	77.466	-75.33	-177.26	-77.649	-8.375	173.305	69.222	-96.691	-137.505	153.436	-175.972	56.294	175.187	-178.503	-179.624	
18	-4.87937	-93.348	147.175	-174.407	60.907	94.224	-179.97	-87.564	69.759	175.056	76.596	-75.216	-175.27	-86.248	-39.039	-176.381	-59.137	105.575	-163.987	164.302	179.664	58.329	-178.275	179.033	-60.091	
19	-4.78934	56.689	151.534	179.992	-178.71	-98.764	-177.372	75.76	33.214	-176.188	161.906	-53.718	173.002	-72.987	-35.094	177.5	176.127	-121.311	-162.419	173.04	-179.962	59.472	-176.67	178.976	-60.466	
20	-4.76464	-160.247	-33.871	176.643	-61.773	-79.281	-179.847	-161.093	63.262	177.374	66.541	-94.095	177.165	-76.611	-29.718	177.093	-60.212	108.883	-75.076	-43.567	170.419	-170.135	174.657	84.788	-58.841	
21	-4.65778	-75.492	99.51	-175.975	179.987	-102.226	38.238	-90.606	71.213	175.051	83.418	-59.068	172.122	-148.507	149.884	177.437	177.604	-102.561	-130.337	149.767	-179.444	-65.527	-69.468	-86.12	-59.578	
22	-4.59248	-159.245	-33.753	177.317	-61.433	-87.167	-179.901	80.158	-73.287	-172.73	-66.33	-44.335	-176.705	-68.823	-41.419	176.252	175.525	-128.919	-165.006	-18.334	179.557	60.24	-175.559	178.224	-63.561	
23	-4.57638	-37.477	-35.513	-178.831	-174.654	-90.844	1.034	-171.904	67.021	178.242	69.128	-90.452	-177.606	-92.463	-15.974	-179.32	71.886	-95.074	-70.464	-39.078	176.508	-67.033	-179.52	-177.308	-58.821	
24	-4.38989	-95.921	168.474	-179.298	67.18	-86.383	1.401	175.4	75.759	176.768	67.717	-93.016	177.554	-76.972	-31.111	175.951	-60.134	-71.179	-74.833	134.183	-178.893	-174.714	178.552	175.937	59.309	
25	-4.30385	-86.262	30.014	-172.139	-47.029	-61.686	1.294	84.54	127.352	-177.811	79.474	-67.391	178.156	-60.142	-43.895	174.702	173.458	-127.341	-164.52	165.483	179.665	62.609	-173.593	179.326	-178.398	
26	-4.30158	-83.778	152.078	177.636	-62.209	114.659	179.808	-178.275	141.478	177.132	76.933	-76.082	-177.076	-76.744	-16.037	174.526	68.709	-96.2	-152.681	143.47	179.886	179.484	169.663	170.177	178.769	
27	-4.24992	52.886	14.462	-176.47	58.73	89.505	-156.799	75.951	-166.193	177.6	65.911	-105.691	-179.075	-97.434	-11.461	-176.229	-177.806	-108.36	50.684	-147.1	178.458	-54.26	100.786	-179.39	-55.812	
28	-4.01584	-87.074	42.488	176.195	-170.945	-118.239	0.958	-76.359	73.023	-176.267	67.549	-89.757	178.327	-92.306	-23.294	-174.778	-57.279	-74.197	-85.991	76.774	-179.566	-64.068	-179.022	-179.134	60.055	
29	-3.95436	-65.161	156.118	175.503	-179.464	76.266	1.47	55.862	-124.491	175.865	-110.455	12.972	-178.117	-89.335	-35.347	174.92	-49.392	120.954	-156.131	-44.685	176.509	-168.729	70.988	-178.875	-179.838	
30	-3.9334	-86.742	155.15	178.951	177.629	68.954	-179.886	-172.437	75.072	-175.563	74.56	-74.072	175.584	-96.184	-44.978	-177.305	-59.564	102.937	-166.387	-14.75	-179.31	57.547	-179.069	179.074	-60.073	
31	-3.73076	-85.519	156.305	-179.7	176.497	-113.638	155.854	-171.093	75.27	-179.395	77.763	-74.055	-179.349	-135.236	15.196	-169.568	78.761	-81.805	-62.334	-44.132	178.842	-171.175	177.478	179.509	-60.011	
32	-3.5441	-156.406	72.4	177.571	-58.025	-78.504	179.866	82.822	-72.163	-174.948	-71.911	-37.4	-174.069	-82.102	-32.45	-179.069	-61.376	102.077	-163.404	-17.882	177.043	52.747	175.02	177.015	178.15	
33	-3.50049	86.93	-28.725	-178.983	-57.436	-73.373	0.214	179.245	169.793	-179.968	73.661	-78.58	178.913	-77.728	-26.501	178.82	71.978	84.006	-79.695	128.123	-178.781	-170.165	177.705	-179.958	-60.003	
34	-3.47794	-154.806	126.096	-177.624	-55.061	113.626	-179.626	-69.783	83.114	-175.436	161.909	-65.459	174.341	-67.185	-30.921	177.874	175.866	68.451	-158.541	22.404	179.023	59.185	-174.86	-178.859	-179.691	
35	-3.43507	-78.067	126.678	-178.058	-179.57	-101.376	24.716	-123.199	15.606	-174.572	-86.023	62.274	178.637	-101.722	-6.953	-175.025	-56.063	117.856	-100.082	136.927	-179.099	-65.433	89.906	-173.847	60.504	
36	-3.40653	-94.627	172.957	178.068	62.12	87.689	14.061	-151.562	-174.282	-177.813	78.123	-74.479	176.739	-86.94	155.926	-175.256	72.46	-95.25	-94.587	-46.499	179.202	-63.063	-70.211	176.15	-60.613	
37	-3.19758	-95.274	165.332	178.629	63.897	93.173	-175.541	-72.802	-89.478	175.191	66.132	-89.219	-177.577	-141.019	29.751	177.424	-55.083	99.646	-156.185	-5.458	-179.536	59.119	177.14	-168.124	-51.817	
38	-3.0961	-39.602	-38.17	179.183	-54.387	114.504	-179.781	-147.641	37.077	173.912	79.392	-75.153	-175.285	-71.238	-16.304	170.985	67.238	-97.955	-137.551	136.641	-178.307	-173.304	176.231	178.215	179.862	
39	-3.0521	58.26	5.933	-168.301	76.486	93.607	172.854	83.092	-145.253	179.137	63.822	-95.061	177.001	-65.797	-34.354	177.791	179.698	-98.684	-85.395	132.292	-178.367	-67.184	98.063	177.579	-61.003	
40	-2.91318	-161.804	-33.441	176.36	-61.505	-67.939	0.175	78.818	-77.222	-169.375	-68.799	-23.966	-178.156	-75.741	-16.869	-174.569	-178.712	-106.261	-151.727	41.057	-177.956	51.859	173.67	-179.181	-61.46	
41	-2.6649	-84.417	146.936	-176.735	-69.982	-96.596	177.791	145.808	81.094	175.327	84.008	-63.794	-179.538	-65.745	-26.398	175.297	-61.069	-69.543	-148.942	141.981	-178.932	-169.4	179.49	-177.134	61.31	
42	-2.39939	-94.433	165.086	178.396	58.554	85.003	-1.933	-174.606	167.135	176.407	75.669	-78.469	-177.766	-74.955	-22.647	174.845	-179.329	-120.032	-131.216	159.881	-179.088	-68.544	-177.204	-178.474	-58.147	
43	-2.29376	-97.436	164.986	-171.712	47.98	87.444	-178.593	-76.82	83.749	166.313	81.452	-73.228	-176.802	-149.65	28.386	-175.544	58.19	-82.216	51.649	39.17	-178.038	-57.226	-178.77	-176.523	-59.303	
44	-2.27835	65.73	56.042	173.157	-59.81	-74.708	-0.106	99.788	2.621	173.62	91.541	-57.021	176.243	-59.776	-22.641	168.687	66.218	82.447	-129.522	145.794	-179.274	-176.922	174.664	175.761	-60.571	
45	-2.16709	-73.853	50.153	-177.35	-52.547	98.551	179.719	80.22	46.75	-178.063	161.134	-63.685	174.011	-70.353	-28.932	-178.821	174.099	71.878	-160.489	140.849	179.792	-167.747	70.769	-179.008	-179.867	
46	-2.10939	-82.71	129.574	176.373	-84.802	-109.416	-1.555	-84.085	64.061	-178.562	73.17	-79.671	-171.536	-80.414	-37.141	-173.166	178.115	-110.733	-156.162	146.257	176.135	-171.878	173	-179.943	179.992	
47	-2.07873	-94.453	163.309	179.234	60.48	88.211	-179.201	-168.927	165.969	-178.59	77.951	-67.578	177.546	-57.479	-35.696	179.93	169.074	-105.737	-153.307	144.063	179.463	-172.813	176.339	177.444	179.497	
48	-1.95573	-92.745	165.416	-177.04	64.275	92.02	-1.526	142.635	-69.625	169.788	-76.154	-15.183	174.311	-143.118	163.788	-177.842	63.726	-85.454	-78.282	-62.475	179.411	-67.741	-72.642	178.437	-60.243	
49	-1.95453	69.706	38.804	178.079	-58.851	112.37	179.536	-73.539	74.459	-176.013	149.424	-38.034	178.35	-89.825	-32.992	-171.824	177.966	-106.446	45.691	-105.912	177.405	-67.333	90.321	-175.08	-59.842	
50	-1.86515	-83.756	156.795	176.931	-62.885	93.232	179.799	-82.718	61.736	-166.715	78.849	-73.761	-178.759	-149.716	52.73	174.077	-60.224	-78.73	-159.514	-21.649	176.053	59.522	-178.041	-178.31	58.368	
51	-1.84591	74.886	2.946	-177.942	-173.11	69.78	-178.886	-141.68	177.732	-178.733	68.26	-96.36	175.056	-86.039	-29.004	-178.438	-58.38	-72.606	-95.916	175.508	178.71	-63.565	-178.822	-179.228	60.071	
52	-1.60749	-87.083	44.409	179.148	-57.415	100.782	179.876	-139.561	38.927	175.851	79.379	-72.224	-175.551	-104.285	18.297	-177.493	-53.845	-77.776	-160.856	164.96	-179.869	61.219	-170.918	86.517	59.807	
53	-1.55974	-93.344	157.138	171.941	55.442	85.449	-0.376	-140.657	26.32	179.2	-89.785	-17.572	-178.998	-156.539	164.319	177.006	63.197	-85.864	-133.374	-32.109	179.827	-64.8	-68.202	170.831	-60.526	
54	-1.51346	66.603	61.662	-179.423	-59.5	-72.978	0.085	91.06	27.4	169.98	82.502	-72.806	-174.895	-59.733	-45.394	177.197	175.901	79.072	-89.344	136.07	-178.654	-174.543	178.03	176.038	-60.611	
55	-1.44695	72.748	12.349	179.058	-58.91	-80.186	-178.622	76.939	50.461	177.406	71.313	51.165	-177.835	-155.917	161.462	-179.902	-177.288	-112.133	-57.898	-50.405	178.519	-172.943	69.118	-178.572	-179.793	
56	-1.40685	70.659	-4.668	-175.979	63.404	81.833	179.951	-164.827	44.679	173.62	63.9	-94.315	-177.236	-80.269	-21.529	178.188	-179.49	-106.243	53.809	44.131	-178.428	-59.818	178.501	-85.334	-60.237	
57	-1.34928	-97.723	163.682	-177.036	64.361	96.152	-178.701	-77.704	76.517	177.242	-77.217	74.188	179.868	-155.663	149.915	-178.622	178.763	70.308	-68.803	121.893	-178.617	-172.912	175.974	179.832	179.978	
58	-1.08125	-169.922	-27.603	174.654	176.259	-124.787	1.324	77.607	19.555	-179.302	-112.802	18.536	175.744	-141.55	20.615	-173.101	57.386	-86.705	-165.677	165.119	-179.89	54.389	176.366	-85.443	-59.115	
59	-0.985037	-96.9	146.419	176.139	-59.493	98.616	179.803	69.855	24.444	174.944	101.554	-20.743	-175.068	-70.307	-32.538	-178.285	178.317	-104.945	-158.087	-40.344	179.931	-169.037	178.105	-82.146	63.613	
60	-0.782434	-104.621	173.823	177.181	79.801	103.515	0.999	-145.551	-99.611	-177.585	66.208	-97.838	177.159	-87.438	-23.825	178.438	68.584	83.608	-84.938	136.344	-179.751	-178.286	-97.546	-179.535	-61.811	
61	-0.548191	-88.445	33.726	-178.77	-65.449	114.918	-179.689	-64.694	102.807	-179.808	69.149	26.572	167.092	-89.143	-24.331	-175.028	-175.923	85.308	-86.682	157.168	-178.918	-62.041	-69.89	174.763	57.366	
62	-0.31592	-159.108	138.524	-178.741	-65.249	97.725	-0.31	-80.9	67.658	170.474	73.421	20.338	177.774	-94.782	-35.085	174.847	-52.027	-53.393	-62.984	-22.754	178.205	69.282	-168.937	172.094	178.587	
63	0.200209	-161.957	-32.85	177.325	-60.928	-72.803	-179.964	77.933	-77.092	-167.25	-72.504	-17.151	-179.262	-72.827	-13.866	173.3	-176.955	-109.355	-146.816	27.648	-178.434	58.11	-94.087	-165.507	-52.976	
64	0.33562	-96.528	155.99	-175.49	68.521	-81.537	2.07	-85.07	-44.662	-179.761	172.315	-96.524	166.288	-68.823	-26.599	171.874	72.75	-94.564	-91.656	128.926	-178.641	-171.547	176.09	179.768	59.953	
65	0.34814	-85.482	151.731	175.715	172.596	-106.617	3.1	-74.47	81.373	178.293	-56.715	109.705	-175.707	48.815	44.709	-179.991	-165.466	65.229	-151.559	-40.716	179.062	-171.554	175.829	179.709	179.98	
66	0.352227	-87.918	29.59	-177.207	55.29	95.545	-2.469	76.248	28.778	177.445	-161.75	125.106	-173.639	-149.98	157.507	179.84	-55.551	-79.197	-156.727	138.216	179.827	-172.769	172.056	80.571	-63.902	
67	0.542616	-82.79	152.671	178.232	61.413	90.664	-0.383	68.565	28.81	-176.894	143.125	-143.502	175.799	-71.447	-30.386	176.467	-61.485	110.072	-160.195	147.235	179.051	55.261	-177.889	179.319	179.92	
68	0.612132	-158.406	-37.304	-175.16	-56.739	-84.805	-179.494	145.038	-125.6	173.228	-77.37	66.376	-172.622	-81.843	-30.45	-179.023	-173.339	74.798	-157.509	138.487	-179.958	-171.712	174.989	179.968	179.985	
69	0.63905	-104.37	174.91	173.659	67.069	96.017	-1.261	93.023	13.298	173.338	88.602	-58.291	177.235	-60.326	-29.377	169.884	-62.219	110.75	-129.377	170.123	-179.047	-65.034	-176.202	84.154	178.011	
70	1.18253	64.759	1.476	-175.377	60.259	82.578	179.307	-171.095	51.367	171.434	68.863	-87.361	-176.869	-95.377	-11.666	-177.028	-177.282	-106.408	52.537	-145.236	179.03	-55.94	101.551	-176.917	-58.61	
71	1.22576	-161.989	-33.187	177.613	-64.023	101.66	-0.338	174.349	162.233	-177.775	-82.447	66.099	-178.954	-85.142	-31.552	177.16	-57.508	115.168	51.419	44.655	-178.288	-59.067	-178.677	-84.239	61.193	
72	1.59583	-96.753	152.879	179.233	70.202	-83.77	2.277	69.959	32.03	174.75	76.452	-84.199	-168.933	-94.453	-43.306	-177.952	-58.091	103.457	-74.566	-173.553	179.395	72.712	-164.01	-69.031	-167.723	
73	1.93122	-90.342	38.772	-178.251	-57.07	-78.814	179.803	70.266	37.734	-179.799	-79.465	70.424	-178.424	-81.285	-30.833	177.675	-55.691	116.837	51.301	43.991	-178.296	-57.931	-177.335	-177.11	-179.773	
74	2.08123	-160.43	-33.314	-179.345	-58.052	103.545	-179.882	-156.554	65.491	174.083	65.254	-99.533	-178.166	-75.367	-22.509	175.013	-60.442	108.91	-146.628	66.55	1.21	-164.277	73.527	-178.596	60.189	
75	2.0993	-164.912	-31.911	-178.068	-63.935	102.139	0.01	145.746	-43.694	-179.149	-158.964	93.3	-178.476	-147.246	28.664	-178.602	60.778	102.227	-137.197	146.322	-179.686	-78.548	-72.983	173.357	175.072	
76	2.26623	-156.619	-33.519	176.745	-51.176	-69.359	178.854	-162.553	-139.353	177.557	-59.408	128.147	-174.355	47.179	50.203	-178	-52	104.476	55.135	-100.726	177.188	-167.275	74.323	-177.727	60.36	
77	2.62494	-168.583	-32.371	179.032	175.782	-110.734	0.257	79.375	-70.29	177.662	63.509	-102.373	-178.947	-71.79	-28.622	-179.479	-179.694	-100.216	-65.787	-54.262	13.964	-170.804	179.376	-83.415	62.436	
78	2.65417	-156.942	-53.818	-177.661	-80.234	86.769	-179.696	61.272	-101.263	-178.032	-86.721	-26.29	-176.474	-72.312	145.893	-179	179.304	-123.095	-85.046	152.69	6.458	-65.838	-71.419	-85.052	-178.902	
79	2.69604	-171.57	-26.104	175.382	174.789	-124.106	1.327	76.985	23.04	178.053	-106.612	33.916	179.534	-166.492	-40.095	171.841	56.891	-85.551	-155.478	138.226	-179.939	-170.302	176.659	-84.143	-58.183	
80	3.61207	-87.04	170.965	170.58	-55.206	-58.02	179.229	-71.075	77.368	-175.368	88.787	-68.713	179.062	-159.535	154.921	175.896	179.887	67.632	70.519	-66.826	-179.505	-147.862	-73.364	178.998	-60.155	
81	3.66441	-95.586	166.53	178.938	66.093	-86.979	1.733	-171.178	64.438	-179.595	67.312	-91.565	177.626	-78.064	-36.6	-178.557	179.315	-103.913	-161.651	133.522	20.311	-173.417	174.653	178.626	59.363	
82	4.04535	-37.988	-31.662	-178.819	-57.311	108.135	-179.81	171.235	64.083	176.675	63.637	-101.521	-179.578	-70.293	-28.673	178.615	-179.887	79.706	-62.879	-49.062	4.027	-170.398	-177.856	-82.131	63.367	
83	4.6284	70.425	9.676	-179.906	-57.556	104.173	179.271	-167.085	75.512	-171.345	79.017	35.447	-178.674	-159.093	-52.442	176.036	168.735	60.034	59.438	-153.865	178.762	-148.059	-175.158	-81.653	63.489	
84	5.53571	-159.392	79.208	178.806	-63.403	-78.648	-0.531	-78.998	66.628	-176.087	141.892	151.546	-177.777	46.56	55.834	-176.917	-169.661	-115.868	-153.061	136.584	179.732	-163.225	74.3	176	-179.862	
85	5.7607	-91.134	40.456	179.033	-62.37	-87.537	1.41	-73.386	-33.167	176.846	-177.948	170.008	179.648	48.389	47.97	-177.387	-167.251	-115.439	-156.891	130.284	-179.163	-171.617	69.599	-179.628	-179.754	
86	7.15698	-81.679	136.291	26.512	-74.264	90.982	-0.084	152.02	73.861	178.989	67.531	-93.91	174.439	-71.685	-34.047	179.217	178.854	-99.907	-81.091	156.816	178.222	-66.853	177.522	-86.295	58.193	
87	10.1193	57.033	155.473	-179.31	-176.274	84.535	-4.675	177.724	75.803	-161.801	79.644	-160.017	167.624	-53.149	-55.629	174.517	170.549	-111.668	52.831	-158.348	178.854	-125.08	-66.472	-93.086	179.218	
88	10.1919	74.681	8.52	179.621	-54.498	-74.287	178.215	163.667	-55.508	-178.627	-76.726	79.974	176.33	76.28	-53.614	170.517	-149.553	91.544	-58.098	-41.92	176.14	-174.116	179.963	172.631	178.198	
89	10.4437	173.342	-6.768	174.159	178.96	56.876	-0.781	88.151	-61.86	175.603	-77.075	-20.95	-175.998	54.71	-171.976	175.491	-41.58	-53.381	54.87	63.873	-0.161	-161.993	74.116	85.313	-60.752	
90	11.4424	178.653	-9.316	171.847	65.406	101.017	178.176	174.563	-96.092	27.208	-99.106	-5.779	177.545	-150.344	153.379	-178.414	179.601	80	-162.896	-9.452	179.895	57.252	-175.712	84.553	58.172	
91	11.7298	-134.221	59.517	36.647	-169.733	-116.769	32.306	60.008	55.415	-169.194	94.021	67.468	-173.317	-62.466	-34.419	177.245	-67.979	-73.309	53.782	69.614	-179.137	-163.991	179.564	179.803	-59.996	
92	12.3705	82.708	-7.066	174.199	-58.358	106.957	0.05	-58.971	-84.423	16.628	162.069	-50.77	-179.893	-139.191	35.878	-172.852	-51.601	97.446	-159.956	165.563	179.813	57.692	-176.763	174.084	178.889	
93	14.5704	-166.467	136.81	169.203	155.544	60.333	-148.064	-177.038	149.46	29.19	-106.49	-150.709	-178.598	49.087	85.721	179.438	-177.481	56.899	57.979	26.773	179.776	-53.191	-176.554	-177.597	59.933	
94	15.338	-176.645	-42.363	-176.616	173.754	-101.211	178.764	166.42	-172.961	-23.77	-70.015	-55.206	-172.27	53.849	-173.758	175.772	-42.707	-52.064	-155.244	137.864	-179.881	-172.583	172.304	80.759	-63.731	
95	15.9862	78.658	-47.54	178.143	-64.226	-78.062	0.172	62.436	45.531	179.826	148.541	-93.005	40.122	-98.029	144.461	-177.265	73.769	87.107	50.25	-99.317	178.05	-169.052	178.111	179.769	-60.016	
96	26.7142	-91.499	41.975	-178.996	-57.832	-79.176	179.622	-74.901	82.496	174.952	-142.314	-89.193	177.317	-135.816	86.268	-137.957	-179.668	66.236	59.194	-25.699	-174.13	108.368	-172.451	179.34	-60.112	
97	30.4681	-78.223	127.972	42.989	-53.627	-47.368	178.764	-110.935	13.232	172.089	-74.722	76.244	-179.784	-73.135	141.634	-176.657	-64.647	-72.988	65.842	-23.339	-179.866	116.923	-175.211	179.375	179.927	
98	44551.6	177.597	-16.253	171.919	39.713	80.481	69.248	89.698	100.879	-29.422	-158.025	49.747	161.998	-54.199	-120.681	-60.598	-123.857	-172.24	161.73	154.974	-179.288	-46.11	124.916	177.153	-117.822	
99	71606.4	-133.451	-10.796	-91.454	6.909	-77.109	2.701	-125.268	-162.12	100.545	-105.285	-54.966	118.796	37.19	142.04	176.578	150.921	-57.837	175.307	158.543	-178.966	-114.822	-72.392	-178.292	-66.969	
100	86151.5	-79.732	-142.999	96.033	-168.208	3.66	-99.158	-158.588	93.051	-110.753	44.42	127.195	97.569	55.7	-121.784	-83.141	-74.092	1.141	128.255	-137.987	-179.748	-77.617	144.555	-176.568	-58.947	
