1	-7.91714	-75.786	107.651	-173.281	178.176	-103.127	36.212	-93.417	66.554	169.973	80.176	-70.371	-177.87	-89.139	-38.119	-172.554	178.032	-111.085	-158.527	148.882	175.684	-171.599	172.385	179.986	179.99	
2	-6.71767	-84.155	153.394	-179.338	-179.682	72.974	-179.286	-166.491	71.98	179.945	63.352	-100.712	177.703	-69.156	-34.028	179.464	179.026	80.637	-73.464	131.581	-178.585	-171.361	69.681	-178.746	60.145	
3	-5.90989	-37.81	-35.934	-177.998	-177.418	-95.533	1.393	-168.514	76.908	177.746	68.856	-94.227	-179.79	-92.752	-15.404	175.173	73.844	-94.556	-73.664	132.296	-178.871	-65.4	-176.754	-177.071	-57.307	
4	-4.90993	-38.794	-35.697	-178.32	-53.477	123.24	-179.898	-152.742	40.852	172.432	77.466	-75.33	-177.26	-77.649	-8.375	173.305	69.222	-96.691	-137.505	153.436	-175.972	56.294	175.187	-178.503	-179.624	
5	-4.78934	56.689	151.534	179.992	-178.71	-98.764	-177.372	75.76	33.214	-176.188	161.906	-53.718	173.002	-72.987	-35.094	177.5	176.127	-121.311	-162.419	173.04	-179.962	59.472	-176.67	178.976	-60.466	
6	-4.537	-158.951	-37.512	179.346	-63.355	-79.515	-179.442	-157.107	69.115	179.408	63.641	-98.968	178.465	-75.655	-29.183	177.626	-60.072	109.674	-72.779	-44.058	169.288	-170.365	175.503	85.462	-58.763	
7	-4.4457	-167.674	-30.916	-177.938	178.955	82.855	-1.297	-171.359	64.832	174.872	66.883	-94.713	176.612	-68.832	-31.066	176.584	-179.69	-96.834	-86.859	147.468	-179.368	-68.345	92.693	178.496	-61.1	
8	-4.30158	-83.778	152.078	177.636	-62.209	114.659	179.808	-178.275	141.478	177.132	76.933	-76.082	-177.076	-76.744	-16.037	174.526	68.709	-96.2	-152.681	143.47	179.886	179.484	169.663	170.177	178.769	
9	-4.24992	52.886	14.462	-176.47	58.73	89.505	-156.799	75.951	-166.193	177.6	65.911	-105.691	-179.075	-97.434	-11.461	-176.229	-177.806	-108.36	50.684	-147.1	178.458	-54.26	100.786	-179.39	-55.812	
10	-3.40653	-94.627	172.957	178.068	62.12	87.689	14.061	-151.562	-174.282	-177.813	78.123	-74.479	176.739	-86.94	155.926	-175.256	72.46	-95.25	-94.587	-46.499	179.202	-63.063	-70.211	176.15	-60.613	
11	-3.3599	-71.313	94.988	176.845	171.621	-121.294	1.27	79.076	16.332	179.909	88.704	18.471	174.162	-156.516	167.553	-178.763	56.532	-91.706	-75.437	112.334	-178.035	-68.464	-72.677	-85.387	-59.212	
12	-3.06766	-86.22	36.138	179.27	-57.204	102.103	-0.228	-79.374	72.609	-178.156	67.487	-90.337	178.367	-90.103	-24.594	-175.228	-57.587	106.369	-87.347	76.587	-179.372	-63.662	-70.889	177.685	179.696	
13	-2.6649	-84.417	146.936	-176.735	-69.982	-96.596	177.791	145.808	81.094	175.327	84.008	-63.794	-179.538	-65.745	-26.398	175.297	-61.069	-69.543	-148.942	141.981	-178.932	-169.4	179.49	-177.134	61.31	
14	-2.63347	-40.763	-44.756	-179.318	-57.931	104.662	-178.964	-83.984	67.14	179.3	71.678	-83.883	-174.95	-85.824	-34.683	-177.447	178.762	-119.631	-162.819	164.462	177.82	61.422	-174.847	177.534	179.652	
15	-2.27835	65.73	56.042	173.157	-59.81	-74.708	-0.106	99.788	2.621	173.62	91.541	-57.021	176.243	-59.776	-22.641	168.687	66.218	82.447	-129.522	145.794	-179.274	-176.922	174.664	175.761	-60.571	
16	-1.95573	-92.745	165.416	-177.04	64.275	92.02	-1.526	142.635	-69.625	169.788	-76.154	-15.183	174.311	-143.118	163.788	-177.842	63.726	-85.454	-78.282	-62.475	179.411	-67.741	-72.642	178.437	-60.243	
17	-1.58762	-153.307	144.647	-179.426	-170.103	-90.118	28.749	-169.363	64.843	177.696	138.026	-95.936	177.503	-146.438	49.908	-176.638	-58.963	104.927	-162.979	156.407	-179.873	59.912	-174.579	-82.173	62.947	
18	-1.52675	75.504	2.594	-177.931	-173.108	69.873	-178.581	-134.336	175.58	-178.708	67.453	-100.152	176.86	-87.025	-26.346	-175.95	-58.069	-72.792	-91.732	-16.174	179.974	-63.875	179.508	-83.19	-178.159	
19	-1.44695	72.748	12.349	179.058	-58.91	-80.186	-178.622	76.939	50.461	177.406	71.313	51.165	-177.835	-155.917	161.462	-179.902	-177.288	-112.133	-57.898	-50.405	178.519	-172.943	69.118	-178.572	-179.793	
20	-1.4068	70.623	-4.636	-175.978	63.394	81.84	179.976	-164.853	44.666	173.603	63.909	-94.307	-177.245	-80.255	-21.54	178.217	-179.495	-106.251	53.777	44.161	-178.428	-59.827	178.456	-85.341	-60.226	
21	-1.09206	-83.162	79.943	-179.156	-179.846	-115.785	-0.057	98.103	52.163	173.483	65.298	-101.431	179.276	-70.912	-32.322	-178.232	178.204	-100.002	-80.977	159.458	-178.361	-66.954	-71.483	-84.978	-58.888	
22	-1.08125	-169.922	-27.603	174.654	176.259	-124.787	1.324	77.607	19.555	-179.302	-112.802	18.536	175.744	-141.55	20.615	-173.101	57.386	-86.705	-165.677	165.119	-179.89	54.389	176.366	-85.443	-59.115	
23	-0.981917	56.326	154.294	176.802	-176.741	90.44	1.578	101.184	56.644	171.915	66.649	-98.563	-179.273	-76.042	-29.731	-178.28	-171.237	-96.487	-86.528	160.792	-179.396	-64.615	-70.637	177.465	59.93	
24	-0.821769	58.955	157.322	-177.798	-70.952	100.231	-0.487	81.099	76.022	-174.425	103.047	-47.956	175.731	-75.898	-33.049	179.688	-56.946	109.991	-161.223	140.34	179.577	-171.829	68.594	-178.835	-179.767	
25	-0.559198	-67.622	67.6	179.359	-60.577	101.436	179.632	-143.303	47.727	174.499	80.569	-71.794	-176.249	-64.642	-33.663	-179.961	177.258	74.686	-154.388	136.619	178.818	-169.826	70.195	-178.795	-179.85	
26	-0.383961	-87.089	38.322	178.371	-170.243	-117.477	0.728	-77.333	73.58	-179.684	67.246	-90.173	-179.557	-89.71	-19.569	-176.065	-57.504	-73.589	-102.701	70.517	1.777	-62.3	-178.049	-179.14	60.06	
27	-0.31592	-159.108	138.524	-178.741	-65.249	97.725	-0.31	-80.9	67.658	170.474	73.421	20.338	177.774	-94.782	-35.085	174.847	-52.027	-53.393	-62.984	-22.754	178.205	69.282	-168.937	172.094	178.587	
28	0.382807	-96.082	167.591	176.661	66.48	-86.804	1.139	-158.844	-99.859	-179.77	66.514	-93.057	177.487	-85.857	-25.59	-178.152	-56.869	108.458	-93.01	147.013	-179.312	-64.089	94.911	-176.047	-59.548	
29	0.612133	-158.423	-37.29	-175.168	-56.744	-84.787	-179.494	145.04	-125.584	173.232	-77.387	66.382	-172.618	-81.868	-30.428	-179.028	-173.336	74.798	-157.5	138.495	-179.975	-171.717	174.973	179.969	-179.983	
30	0.63905	-104.37	174.91	173.659	67.069	96.017	-1.261	93.023	13.298	173.338	88.602	-58.291	177.235	-60.326	-29.377	169.884	-62.219	110.75	-129.377	170.123	-179.047	-65.034	-176.202	84.154	178.011	
31	0.794607	44.52	167.949	-179.696	64.543	89.004	-178.687	-172.957	68.954	178.774	67.026	-93.082	175.935	-73.28	-33.314	-178.91	178.69	-98.823	-82.359	154.889	4.356	-65.285	-71.173	-179.237	-179.322	
32	0.981577	-87.811	163.978	-176.628	-62.7	-78.575	179.512	174.222	83.25	174.095	66.924	-96.045	179.316	-74.061	-30.095	175.893	-60.731	-70.646	-76.813	116.28	-33.237	-173.189	-177.981	175.627	59.506	
33	1.07756	73.218	10.087	-178.617	-58.532	105.348	179.895	168.638	-49.715	178.612	67.547	-92.944	176.745	-83.158	-28.191	-179.417	-58.75	-72.166	-83.948	139.277	-178.891	-64.407	-71.379	178.048	-60.247	
34	1.08974	-38.578	-42.92	-177.012	-177.404	-88.782	0.239	173.777	65.739	-179.338	81.431	-70.77	179.784	-156.273	153.165	173.914	176.054	-102.481	-129.819	141.074	-179.348	-71.396	-72.141	-86.103	-58.244	
35	1.55414	-158.639	145.468	-178.781	178.749	79.932	0.788	71.963	-79.235	178.357	172.323	50.222	-176.063	-150.594	-56.72	-177.636	-66.126	104.624	-163.401	-52.539	-178.775	-171.255	70.235	-178.793	-179.866	
36	1.93122	-90.342	38.772	-178.251	-57.07	-78.814	179.803	70.266	37.734	-179.799	-79.465	70.424	-178.424	-81.285	-30.833	177.675	-55.691	116.837	51.301	43.991	-178.296	-57.931	-177.335	-177.11	-179.773	
37	2.0993	-164.912	-31.911	-178.068	-63.935	102.139	0.01	145.746	-43.694	-179.149	-158.964	93.3	-178.476	-147.246	28.664	-178.602	60.778	102.227	-137.197	146.322	-179.686	-78.548	-72.983	173.357	175.072	
38	2.26749	-156.418	-33.582	176.805	-51.155	-69.204	178.851	-162.666	-139.094	177.558	-59.615	128.331	-174.43	47.178	50.368	-177.656	-52.046	104.529	54.793	-100.644	177.155	-167.371	74.298	-177.771	60.264	
39	2.28294	-44.29	-27.63	-178.685	71.001	-95.695	-1.35	-84.012	-26.354	-175.161	150.041	-42.282	173.9	-59.756	-27.201	164.507	71.104	-91.466	-131.837	-27.425	177.18	-85.133	-74.492	177.87	-60.327	
40	2.56851	-85.011	151.743	177.748	175.34	-104.604	5.024	-77.046	74.937	177.61	-72.361	-29.406	178.985	-145.231	159.091	178.525	-61.131	100.307	-62.72	-22.809	178.8	70.938	-166.25	85.897	179.755	
41	2.58628	-94.269	158.077	178.501	66.39	93.346	-178.313	176.737	-72.595	178.794	-61.809	109.092	-167.705	44.991	48.863	-174.235	-167.298	64.644	50.208	-107.698	177.048	-62.593	-177.498	-179.958	59.997	
42	2.64384	-169.055	-31.734	179.341	175.518	-111.429	0.378	79.229	-70.534	177.907	63.582	-102.626	-178.68	-74.436	-27.715	-179.023	-179.708	80.867	-65.922	-54.394	14.521	-170.504	179.131	-83.565	62.222	
43	2.65417	-156.942	-53.818	-177.661	-80.234	86.769	-179.696	61.272	-101.263	-178.032	-86.721	-26.29	-176.474	-72.312	145.893	-179	179.304	-123.095	-85.046	152.69	6.458	-65.838	-71.419	-85.052	-178.902	
44	2.94835	-156.835	-39.318	-175.181	-58.936	90.67	-179.959	148.094	72.713	-174.632	80.824	-66.03	171.972	55.175	40.169	-175.892	-159.206	66.349	-79.192	-34.391	178.987	-64.264	-69.862	175.099	179.395	
45	3.93043	72.559	11.974	-179.024	-58.866	105.255	179.785	-68.227	-35.986	179.91	-62.813	113.589	-177.477	49.032	50.319	179.434	-167.059	64.792	-61.202	-43.232	178.816	-169.11	173.496	-177.38	-179.607	
46	4.04535	-37.988	-31.662	-178.819	-57.311	108.135	-179.81	171.235	64.083	176.675	63.637	-101.521	-179.578	-70.293	-28.673	178.615	-179.887	79.706	-62.879	-49.062	4.027	-170.398	-177.856	-82.131	63.367	
47	4.22654	72.342	15.577	177.768	-57.985	110.57	179.894	-85.961	-43.968	-177.192	-69.276	121.352	171.982	53.929	32.454	-179.744	-163.939	66.295	-161.861	-37.44	-177.742	172.939	155.364	168.97	179.53	
48	4.26999	-90.497	38.721	-178.009	-57.057	-78.775	179.789	69.578	39.515	-178.867	-78.485	73.684	178.815	-92.049	-30.445	-172.731	-54.329	117.258	46.095	48.967	-178.446	-61.572	95.104	-175.148	60.465	
49	4.6284	70.425	9.676	-179.906	-57.556	104.173	179.271	-167.085	75.512	-171.345	79.017	35.447	-178.674	-159.093	-52.442	176.036	168.735	60.034	59.438	-153.865	178.762	-148.059	-175.158	-81.653	63.489	
50	4.72267	80.796	-48.923	-172.269	-55.367	103.11	179.829	79.853	141.638	173.15	76.699	-79.339	-167.752	-84.262	-42.171	-169.355	176.62	67.221	46.399	-101.458	177.441	-73.508	85.269	170.356	-63.143	
51	5.03017	-91.751	43.537	-179.963	-59.754	100.539	179.941	-165.386	166.409	-179.455	73.549	-76.892	-179.233	-76.325	-29.808	178.012	-59.481	108.363	-66.576	-53.191	10.556	-172.845	176.74	-178.879	-179.904	
52	5.12391	-162.289	-33.004	177.655	-63.954	101.92	-179.768	174.443	162.869	-177.649	-82.467	65.705	-179.046	-85.201	-30.787	177.094	-57.615	115.007	51.074	60.691	2.441	-60.799	-179.559	-84.527	60.89	
53	6.17765	-36.542	-35.778	179.018	-175.539	-96.06	179.51	-171.436	69.271	-179.183	81.539	-65.122	176.487	-142.741	-52.647	176.182	-65.436	-80.114	-68.871	-42.189	-15.772	-173.964	174.722	179.597	-60.021	
54	6.33305	73.23	9.918	-179.712	-58.594	105.394	-179.745	-179.717	173.241	-179.532	78.021	-71.597	178.496	-76.7	125.402	174.57	177.705	78.254	-84.621	139.75	-178.891	-68.857	94.226	83.748	-59.599	
55	6.64582	-164.055	-31.528	-179.22	-63.269	-77.514	0.473	-81.869	67.659	-179.869	171.017	165.218	-179.612	50.876	40.782	-179.783	-164.596	-114.39	-164.036	165.706	179.519	62.795	96.356	177.973	178.111	
56	6.98759	54.925	-56.971	138.301	176.69	74.684	7.57	65.122	24.291	174.458	86.526	-52.455	-177.383	-58.082	-23.029	157.483	68.234	-95.768	-111.051	142.445	-174.426	-80.703	-76.746	178.2	59.772	
57	7.71397	-95.558	160.288	-179.237	62.848	-86.327	0.985	-163.238	162.047	-178.781	78.722	15.608	-179.336	-73.088	151.488	-173.211	68.205	-95.668	50.555	-98.822	177.797	-168.873	72.367	-179.167	-179.893	
58	8.09766	-85.756	156.062	176.61	176.55	77.426	-162.926	-72.297	85.477	176.728	-68.438	179.412	-16.04	-69.411	-18.626	177.551	-61.721	110.945	-145.049	-23.118	176.599	56.029	178.253	179.618	-60.041	
59	8.51774	-75.386	91.768	176.077	177.608	-114.809	-25.977	-76.198	74.244	-173.112	-132.505	178.127	35.456	-86.074	146.429	175.38	73.987	84.956	-162.358	166.241	179.863	58.608	-179.012	173.869	-60.21	
60	8.52367	-165.656	-49.104	-174.773	163.258	-104.622	177.408	-173.257	179.626	17.57	68.871	-151.717	175.192	-137.012	16.179	-171.298	60.618	-85.774	-167.196	117.216	-177.696	-177.612	166.626	73.193	170.984	
61	9.73734	-85.805	26.382	-174.203	47.307	86.253	11.382	63.548	88.247	-21.421	-160.943	77.753	179.905	-141.051	172.504	176.054	-54.091	-73.232	-66.185	126.451	-177.821	-172.863	175.752	179.843	-60.025	
62	10.1876	66.796	49.903	175.141	-63.412	106.448	-179.4	-141.538	121.507	-177.024	97.595	2.866	178.285	-165.186	-38.376	168.178	56.318	95.416	63.397	-170.893	179.257	-120.777	-67.256	-84.007	62.049	
63	11.4424	178.653	-9.316	171.847	65.406	101.017	178.176	174.563	-96.092	27.208	-99.106	-5.779	177.545	-150.344	153.379	-178.414	179.601	80	-162.896	-9.452	179.895	57.252	-175.712	84.553	58.172	
64	12.6181	-165.004	126.838	177.754	172.263	66.038	-2.782	-85.28	175.708	3.173	176.485	55.371	-178.173	-149.615	-52.909	177.699	-66.253	105.894	-155.492	-41.651	-179.913	-168.606	70.784	-178.861	-59.86	
65	13.385	-165.997	-53.268	-178.915	171.762	79.163	18.428	70.566	-81.526	-171.701	159.061	45.219	61.137	-149.01	-50.464	175.419	179.107	88.595	-73.952	126.185	-177.961	-170.963	-92.275	178.202	-60.261	
66	13.9715	-153.733	139.898	179.878	-62.448	-81.611	179.896	139.167	-98.656	48.246	84.887	-121.058	177.581	-65.565	-32.853	-179.988	177.56	-100.88	-80.491	-26.4	179.461	-64.821	-70.895	-179.882	-59.043	
67	14.2012	64.807	150.638	179.811	-62.437	105.249	-0.459	79.183	-73.022	-179.488	-178.885	177.51	178.8	-63.963	150.53	-177.216	68.745	84.327	-79.921	126.838	23.107	-170.504	69.128	84.673	178.463	
68	14.3325	-99.665	167.981	179.283	72.372	99.093	-178.553	-159.456	75.449	-173.482	150.329	63.767	47.065	-94.743	158.477	-172.204	62.25	-96.217	46.645	70.494	177.062	-69.627	174.232	-177.627	-59.633	
69	14.3445	-163.381	-31.273	179.365	-62.99	102.249	-179.442	-81.48	175.586	4.767	175.749	56.556	-179.125	-145.376	157.866	179.54	-59.675	-73.225	52.843	68.828	-179.13	-163.522	-177.48	-82.752	-177.246	
70	14.4195	74.124	6.892	-178.45	-58.575	105.134	-0.161	73.26	-152.92	179.324	179.38	-179.957	178.889	-66.323	157.111	179.763	70.156	83.847	-156.12	132.509	18.099	-168.965	68.337	83.357	177.153	
71	14.5704	-166.467	136.81	169.203	155.544	60.333	-148.064	-177.038	149.46	29.19	-106.49	-150.709	-178.598	49.087	85.721	179.438	-177.481	56.899	57.979	26.773	179.776	-53.191	-176.554	-177.597	59.933	
72	14.6474	73.814	9.404	177.775	-58.796	-74.582	-0.118	172.578	63.771	25.618	64.873	-175.437	174.166	-84.38	-29.975	-179.176	-59.055	108.019	-164.186	158.9	-177.4	59.141	-173.364	85.394	-60.619	
73	15.1456	-84.599	157.951	-179.975	-60.39	-79.846	179.367	-78.223	73.874	179.274	-77.839	-177.092	-24.52	-63.245	-31.072	178.114	177.837	76.968	-154.945	-40.567	179.054	-173.133	-94.762	178.185	59.694	
74	15.6014	-90.174	38.15	-178.316	-57.13	-78.709	-179.987	169.126	-61.637	-27.298	-66.932	-47.77	-171.79	-105.497	8.9	179.919	-172.19	-111.664	-153.876	177.827	179.826	55.133	-93.659	176.099	-60.979	
75	15.6733	-137.163	65.711	30.989	-176.312	-121.572	-179.493	60.251	35.013	-176.8	-79.375	72.036	179.358	-70.478	-35.597	-179.834	177.6	-103.578	52.56	71.154	-178.599	-164.43	179.23	179.865	60.027	
76	15.9862	78.658	-47.54	178.143	-64.226	-78.062	0.172	62.436	45.531	179.826	148.541	-93.005	40.122	-98.029	144.461	-177.265	73.769	87.107	50.25	-99.317	178.05	-169.052	178.111	179.769	-60.016	
77	16.1983	43.199	172.661	-177.964	69.398	-84.811	173.639	93.628	-160.043	-16.083	91.949	19.566	174.675	49.418	50.919	-179.26	-168.664	-116.215	47.476	63.999	-2.822	-68.561	85.026	-173.79	-58.859	
78	16.334	-37.719	-39.921	-179.166	-178.674	-99.086	178.893	174.332	-179.027	-1.467	-178.799	-55.617	176.022	58.65	-173.89	177.571	-39.554	-61.671	-161.116	166.275	-179.872	56.43	179.272	83.594	58.029	
79	16.3951	44.34	162.26	172.884	62.163	88.13	-179.234	151.43	-88.812	36.183	62.672	-170.763	-179.573	-147.663	-48.8	167.063	-65.665	101.639	-89.249	-20.182	175.439	-64.862	179.65	83.661	-62.17	
80	17.4817	73.82	9.387	179.925	-58.627	105.499	-179.923	-73.508	-30.652	-179.646	161.066	-98.899	36.365	-106.384	0.72	177.386	67.622	-92.218	-150.676	167.629	-179.73	57.734	175.617	-84.901	61.246	
81	17.6855	-160.876	131.691	34.55	-74.295	-89.334	179.557	-104.184	-3.565	-177.593	-172.545	-168.212	-178.529	47.762	51.374	-173.466	-168.008	-115.644	-77.93	138.517	-178.81	-64.67	177.965	-171.855	59.993	
82	18.0536	-37.677	-37.158	173.236	-176.295	-121.857	178.876	147.809	-67.948	-25.318	-172.817	42.624	-174.406	-153.44	-52.765	178.208	-65.242	-73.79	-67.836	-43.268	-12.488	-173.366	174.898	179.859	-60.02	
83	23.7782	74.753	7.749	177.779	-58.487	-74.359	-179.855	-58.672	-62.499	-23.14	-169.022	161.822	26.682	-90.584	-31.417	178.292	-58.938	-73.056	-70.481	-45.729	179.999	-172.119	175.697	179.835	59.994	
84	24.3968	-170.947	-30.486	-170.913	68.538	94.695	-175.505	153.589	-158.728	-19.804	93.77	-175.325	-23.362	-66.447	-15.14	168.837	73.153	-93.5	-139.631	168.916	179.972	63.786	178.914	-84.166	-58.239	
85	24.4853	49.009	49.857	36.478	47.479	93.983	-0.8	58.18	41.367	-178.957	84.281	107.773	178.949	57.288	-172.806	177.32	-41.285	-63.536	54.086	-145.303	178.553	-58.704	178.221	-82.367	-56.815	
86	24.6554	-170.981	-17.949	165.948	53.654	98.534	179.007	171.183	-67.636	-29.713	-66.222	-169.722	-31.149	-71.947	-13.169	172.559	72.746	-94.004	-140.053	163.897	-178.457	62.449	176.756	-84.641	-58.514	
87	26.7142	-91.499	41.975	-178.996	-57.832	-79.176	179.622	-74.901	82.496	174.952	-142.314	-89.193	177.317	-135.816	86.268	-137.957	-179.668	66.236	59.194	-25.699	-174.13	108.368	-172.451	179.34	-60.112	
88	27.1946	74.011	7.896	179.907	-59.662	-74.599	179.964	151.196	-152.053	-179.815	-154.635	89.612	-45.317	-76.45	162.766	175.241	-60.82	111.302	-160.141	-40.333	-35.688	-175.647	-95.686	178.204	179.653	
89	28.0441	43.916	169.097	177.835	62.444	88.349	-1.079	159.807	-86.802	35.212	64.1	-178.289	-24.837	-63.164	152.685	-178.231	-66.158	113.697	50.665	-137.264	178.243	-56.955	-67.893	178.343	179.95	
90	28.514	-95.566	166.999	-30.012	61.048	-88.375	2.245	-167.933	161.746	25.102	-92.402	167.233	-176.224	56.823	-177.165	177.828	-40.91	116.838	-159.228	-36.208	-179.799	-166.888	175.464	-177.919	60.422	
91	30.4681	-78.223	127.972	42.989	-53.627	-47.368	178.764	-110.935	13.232	172.089	-74.722	76.244	-179.784	-73.135	141.634	-176.657	-64.647	-72.988	65.842	-23.339	-179.866	116.923	-175.211	179.375	179.927	
92	31.8299	-161.984	-19.734	-63.27	172.591	64.566	-2.153	-160.149	175.496	7.187	175.14	-53.018	177.961	-73.279	137.873	-179.774	178.276	71.435	56.84	-154.181	178.869	-148.207	-178.87	-179.903	-179.977	
93	36.1696	82.534	-40.832	-178.964	-178.993	-99.163	178.883	-92.017	176.523	20.331	68.703	34.207	178.59	32.652	64.95	55.495	37.99	95.839	-106.079	102.131	179.045	-68.272	86.774	-177.29	60.555	
94	37.759	-152.379	135.798	27.46	54.822	-84.946	1.771	156.884	100.085	-30.272	101.896	-139.143	-178.85	-153.476	150.346	-166.187	-177.531	61.262	26.826	-133.111	178.055	53.674	175.98	178.14	179.511	
95	42.698	-82.11	136.02	27.662	-75.438	-81.86	-0.321	150.87	-170.678	179.216	-174.956	37.753	52.589	-138.265	129.018	40.899	51.27	94.444	-107.115	-58.405	-177.98	-170.167	70.456	-178.606	-179.817	
96	44551.6	177.597	-16.253	171.919	39.713	80.481	69.248	89.698	100.879	-29.422	-158.025	49.747	161.998	-54.199	-120.681	-60.598	-123.857	-172.24	161.73	154.974	-179.288	-46.11	124.916	177.153	-117.822	
97	70304.4	-179.422	-151.455	135.299	45.129	72.067	-14.579	-7.098	-32.715	10.246	-23.564	132.284	-80.929	-101.117	-65.328	179.483	-81.886	-57.685	59.5	-96.093	-162.839	-159.885	77.086	-120.066	-59.019	
98	71606.4	-133.451	-10.796	-91.454	6.909	-77.109	2.701	-125.268	-162.12	100.545	-105.285	-54.966	118.796	37.19	142.04	176.578	150.921	-57.837	175.307	158.543	-178.966	-114.822	-72.392	-178.292	-66.969	
99	86200.4	-81.657	-131.668	89.008	-176.66	2.496	-98.905	-161.957	88.325	-107.22	46.636	125.155	98.096	55.89	-121.879	-83.297	-73.985	-178.759	128.772	-131.999	-166.304	-80.221	127.1	83.555	-69.86	
100	136977	83.16	160.281	111.418	50.043	-148.797	-1.07	102.943	-170.89	16.83	34.422	23.23	-163.924	69.744	158.313	-44.762	143.353	53.273	-99.129	12.434	-177.768	131.064	-67.749	-88.064	178.702	
