1	-8.65189	-82.318	154.204	-177.046	-167.504	-92.867	30.961	-158.254	79.683	173.76	68.674	-91.792	178.373	-87.774	-27.211	-178.297	-57.984	-73.081	-79.963	135.208	-178.513	-65.313	-71.784	178.17	-60.236	
2	-7.91714	-75.786	107.651	-173.281	178.176	-103.127	36.212	-93.417	66.554	169.973	80.176	-70.371	-177.87	-89.139	-38.119	-172.554	178.032	-111.085	-158.527	148.882	175.684	-171.599	172.385	179.986	179.99	
3	-7.03423	-83.995	153.314	-179.714	179.183	72.64	-179.419	-167.247	72.402	-179.737	65.523	-95.766	178.567	-79.87	-28.362	179.485	-59.256	-71.383	-79.673	147.886	-178.941	-66.116	-179.967	-85.148	60.833	
4	-6.71767	-84.155	153.394	-179.338	-179.682	72.974	-179.286	-166.491	71.98	179.945	63.352	-100.712	177.703	-69.156	-34.028	179.464	179.026	80.637	-73.464	131.581	-178.585	-171.361	69.681	-178.746	60.145	
5	-6.52981	-86.384	26.834	-175.023	49.275	-91.01	2.868	85.487	152.765	179.707	75.43	-75.169	-177.271	-71.829	-37.113	179.099	177.887	-120.299	-161.987	162.073	179.734	61.336	-175	175.473	176.178	
6	-6.3656	-82.41	134.458	170.45	163.266	-119.84	-164.001	-96.271	-115.258	174.863	61.131	-111.903	178.452	-71.628	-31.708	-178.854	-179.848	-99.934	-80.305	131.226	-179.025	-172.138	177.008	179.388	179.963	
7	-5.90989	-37.81	-35.934	-177.998	-177.418	-95.533	1.393	-168.514	76.908	177.746	68.856	-94.227	-179.79	-92.752	-15.404	175.173	73.844	-94.556	-73.664	132.296	-178.871	-65.4	-176.754	-177.071	-57.307	
8	-4.90993	-38.794	-35.697	-178.32	-53.477	123.24	-179.898	-152.742	40.852	172.432	77.466	-75.33	-177.26	-77.649	-8.375	173.305	69.222	-96.691	-137.505	153.436	-175.972	56.294	175.187	-178.503	-179.624	
9	-4.87937	-93.348	147.175	-174.407	60.907	94.224	-179.97	-87.564	69.759	175.056	76.596	-75.216	-175.27	-86.248	-39.039	-176.381	-59.137	105.575	-163.987	164.302	179.664	58.329	-178.275	179.033	-60.091	
10	-4.78934	56.689	151.534	179.992	-178.71	-98.764	-177.372	75.76	33.214	-176.188	161.906	-53.718	173.002	-72.987	-35.094	177.5	176.127	-121.311	-162.419	173.04	-179.962	59.472	-176.67	178.976	-60.466	
11	-4.65778	-75.492	99.51	-175.975	179.987	-102.226	38.238	-90.606	71.213	175.051	83.418	-59.068	172.122	-148.507	149.884	177.437	177.604	-102.561	-130.337	149.767	-179.444	-65.527	-69.468	-86.12	-59.578	
12	-4.59248	-159.245	-33.753	177.317	-61.433	-87.167	-179.901	80.158	-73.287	-172.73	-66.33	-44.335	-176.705	-68.823	-41.419	176.252	175.525	-128.919	-165.006	-18.334	179.557	60.24	-175.559	178.224	-63.561	
13	-4.537	-158.951	-37.512	179.346	-63.355	-79.515	-179.442	-157.107	69.115	179.408	63.641	-98.968	178.465	-75.655	-29.183	177.626	-60.072	109.674	-72.779	-44.058	169.288	-170.365	175.503	85.462	-58.763	
14	-4.4457	-167.674	-30.916	-177.938	178.955	82.855	-1.297	-171.359	64.832	174.872	66.883	-94.713	176.612	-68.832	-31.066	176.584	-179.69	-96.834	-86.859	147.468	-179.368	-68.345	92.693	178.496	-61.1	
15	-4.38989	-95.921	168.474	-179.298	67.18	-86.383	1.401	175.4	75.759	176.768	67.717	-93.016	177.554	-76.972	-31.111	175.951	-60.134	-71.179	-74.833	134.183	-178.893	-174.714	178.552	175.937	59.309	
16	-4.37178	-162.535	-40.777	170.745	179.674	54.428	-11.008	58.537	37.014	179.287	66.831	-89.249	-177.06	-82.908	-36.91	-179.342	178.716	57.799	-164.632	152.859	-178.562	61.954	-172.55	179.112	-179.928	
17	-4.30158	-83.778	152.078	177.636	-62.209	114.659	179.808	-178.275	141.478	177.132	76.933	-76.082	-177.076	-76.744	-16.037	174.526	68.709	-96.2	-152.681	143.47	179.886	179.484	169.663	170.177	178.769	
18	-4.24992	52.886	14.462	-176.47	58.73	89.505	-156.799	75.951	-166.193	177.6	65.911	-105.691	-179.075	-97.434	-11.461	-176.229	-177.806	-108.36	50.684	-147.1	178.458	-54.26	100.786	-179.39	-55.812	
19	-4.01584	-87.074	42.488	176.195	-170.945	-118.239	0.958	-76.359	73.023	-176.267	67.549	-89.757	178.327	-92.306	-23.294	-174.778	-57.279	-74.197	-85.991	76.774	-179.566	-64.068	-179.022	-179.134	60.055	
20	-3.98935	-84.484	151.081	-178.943	178.409	66.55	-32.495	-156.579	69.594	175.425	65.537	-97.563	177.864	-74.387	-31.553	-179.747	179.915	-99.395	-77.023	112.399	-30.591	-171.674	70.015	-178.773	-59.856	
21	-3.95436	-65.161	156.118	175.503	-179.464	76.266	1.47	55.862	-124.491	175.865	-110.455	12.972	-178.117	-89.335	-35.347	174.92	-49.392	120.954	-156.131	-44.685	176.509	-168.729	70.988	-178.875	-179.838	
22	-3.74103	-162.94	104.193	-176.871	-68.724	-75.834	-3.044	-75.76	77.27	169.653	84.783	7.522	-178.669	-93.018	-21.341	176.129	-50.488	-53.669	-138.35	-26.505	179.916	-65.297	-171.38	-179.449	178.017	
23	-3.50722	-83.09	153.971	179.225	-60.771	111.188	-179.478	-81.396	68.013	-176.053	65.539	-92.866	178.933	-90.85	-24.337	-174.344	-57.532	-73.815	-82.003	98.801	-178.74	-65.097	-71.569	177.916	-60.253	
24	-3.40653	-94.627	172.957	178.068	62.12	87.689	14.061	-151.562	-174.282	-177.813	78.123	-74.479	176.739	-86.94	155.926	-175.256	72.46	-95.25	-94.587	-46.499	179.202	-63.063	-70.211	176.15	-60.613	
25	-3.0961	-39.602	-38.17	179.183	-54.387	114.504	-179.781	-147.641	37.077	173.912	79.392	-75.153	-175.285	-71.238	-16.304	170.985	67.238	-97.955	-137.551	136.641	-178.307	-173.304	176.231	178.215	179.862	
26	-3.0521	58.26	5.933	-168.301	76.486	93.607	172.854	83.092	-145.253	179.137	63.822	-95.061	177.001	-65.797	-34.354	177.791	179.698	-98.684	-85.395	132.292	-178.367	-67.184	98.063	177.579	-61.003	
27	-2.6649	-84.417	146.936	-176.735	-69.982	-96.596	177.791	145.808	81.094	175.327	84.008	-63.794	-179.538	-65.745	-26.398	175.297	-61.069	-69.543	-148.942	141.981	-178.932	-169.4	179.49	-177.134	61.31	
28	-2.63763	56.954	155.78	-178.838	-177.303	-102.845	-177.372	73.685	30.029	-177.442	159.821	-50.12	178.334	-71.673	-33.226	178.767	177.149	-118.834	-161.707	-6.627	178.196	59.216	-177.971	178.971	178.694	
29	-2.56308	64.469	29.471	-175.842	-58.168	-68.934	-0.002	142.636	-28.11	-178.204	96.35	-55.632	161.992	-62.922	-20.645	167.912	64.778	82.637	-126.92	138.36	-178.624	-171.305	-179.71	176.119	-60.55	
30	-2.39939	-94.433	165.086	178.396	58.554	85.003	-1.933	-174.606	167.135	176.407	75.669	-78.469	-177.766	-74.955	-22.647	174.845	-179.329	-120.032	-131.216	159.881	-179.088	-68.544	-177.204	-178.474	-58.147	
31	-2.29373	-97.48	164.986	-171.726	47.958	87.435	-178.601	-76.804	83.762	166.312	81.469	-73.268	-176.793	-149.618	28.381	-175.529	58.229	-82.195	51.664	39.197	-178.037	-57.204	-178.754	-176.562	-59.303	
32	-2.27835	65.73	56.042	173.157	-59.81	-74.708	-0.106	99.788	2.621	173.62	91.541	-57.021	176.243	-59.776	-22.641	168.687	66.218	82.447	-129.522	145.794	-179.274	-176.922	174.664	175.761	-60.571	
33	-2.26775	-85.824	151.81	173.476	172.007	79.334	177.176	178.651	52.633	176.033	80.123	-70.065	-168.782	-99.377	14.903	-178.804	-54.204	102.852	-156.814	-0.093	173.186	57.369	178.119	178.406	-61.778	
34	-2.16709	-73.853	50.153	-177.35	-52.547	98.551	179.719	80.22	46.75	-178.063	161.134	-63.685	174.011	-70.353	-28.932	-178.821	174.099	71.878	-160.489	140.849	179.792	-167.747	70.769	-179.008	-179.867	
35	-2.14237	73.235	9.339	-176.41	-58.403	-74.577	-0.612	62.314	39.29	-176.56	66.684	-92.021	177.88	-86.789	-36.468	-174.982	178.435	-106.859	-163.607	136.062	-178.738	-173.173	174.566	179.96	-60.015	
36	-1.95573	-92.745	165.416	-177.04	64.275	92.02	-1.526	142.635	-69.625	169.788	-76.154	-15.183	174.311	-143.118	163.788	-177.842	63.726	-85.454	-78.282	-62.475	179.411	-67.741	-72.642	178.437	-60.243	
37	-1.76511	72.642	21.876	179.382	-54.895	109.489	-0.26	-68.603	122.338	-178.907	74.68	33.959	178.083	-155.011	-53.296	176.334	168.238	75.839	51.084	-112.358	177.521	-61.268	-177.937	-177.885	-59.626	
38	-1.54364	-96.239	168.902	177.235	64.126	91.493	-1.587	-165.921	-75.101	176.494	-74.074	-31.035	178.662	-156.845	159.817	179.146	59.004	91.767	-81.194	-53.828	179.553	-68.972	-74.587	177.938	-61.005	
39	-1.52675	75.504	2.594	-177.931	-173.108	69.873	-178.581	-134.336	175.58	-178.708	67.453	-100.152	176.86	-87.025	-26.346	-175.95	-58.069	-72.792	-91.732	-16.174	179.974	-63.875	179.508	-83.19	-178.159	
40	-1.44695	72.748	12.349	179.058	-58.91	-80.186	-178.622	76.939	50.461	177.406	71.313	51.165	-177.835	-155.917	161.462	-179.902	-177.288	-112.133	-57.898	-50.405	178.519	-172.943	69.118	-178.572	-179.793	
41	-1.40685	70.659	-4.668	-175.979	63.404	81.833	179.951	-164.827	44.679	173.62	63.9	-94.315	-177.236	-80.269	-21.529	178.188	-179.49	-106.243	53.809	44.131	-178.428	-59.818	178.501	-85.334	-60.237	
42	-1.34928	-97.723	163.682	-177.036	64.361	96.152	-178.701	-77.704	76.517	177.242	-77.217	74.188	179.868	-155.663	149.915	-178.622	178.763	70.308	-68.803	121.893	-178.617	-172.912	175.974	179.832	179.978	
43	-1.08125	-169.922	-27.603	174.654	176.259	-124.787	1.324	77.607	19.555	-179.302	-112.802	18.536	175.744	-141.55	20.615	-173.101	57.386	-86.705	-165.677	165.119	-179.89	54.389	176.366	-85.443	-59.115	
44	-0.985037	-96.9	146.419	176.139	-59.493	98.616	179.803	69.855	24.444	174.944	101.554	-20.743	-175.068	-70.307	-32.538	-178.285	178.317	-104.945	-158.087	-40.344	179.931	-169.037	178.105	-82.146	63.613	
45	-0.981917	56.326	154.294	176.802	-176.741	90.44	1.578	101.184	56.644	171.915	66.649	-98.563	-179.273	-76.042	-29.731	-178.28	-171.237	-96.487	-86.528	160.792	-179.396	-64.615	-70.637	177.465	59.93	
46	-0.766364	72.353	36.555	174.604	-54.816	114.779	179.603	-70.943	74.247	178.763	156.344	-45.389	178.942	-83.963	-38.489	-169.358	174.726	65.118	44.406	-106.433	177.401	-66.899	91.82	-177.14	-61.25	
47	-0.31592	-159.108	138.524	-178.741	-65.249	97.725	-0.31	-80.9	67.658	170.474	73.421	20.338	177.774	-94.782	-35.085	174.847	-52.027	-53.393	-62.984	-22.754	178.205	69.282	-168.937	172.094	178.587	
48	-0.246734	-80.32	138.387	177.411	-67.903	104.857	-179.751	-77.766	72.982	173.649	71.428	-87.015	-169.99	-95.082	-7.789	-179.034	-56.785	104.264	-61.035	130.868	-178.408	-170.829	70.819	-178.862	-179.859	
49	0.200209	-161.957	-32.85	177.325	-60.928	-72.803	-179.964	77.933	-77.092	-167.25	-72.504	-17.151	-179.262	-72.827	-13.866	173.3	-176.955	-109.355	-146.816	27.648	-178.434	58.11	-94.087	-165.507	-52.976	
50	0.34814	-85.482	151.731	175.715	172.596	-106.617	3.1	-74.47	81.373	178.293	-56.715	109.705	-175.707	48.815	44.709	-179.991	-165.466	65.229	-151.559	-40.716	179.062	-171.554	175.829	179.709	179.98	
51	0.352227	-87.918	29.59	-177.207	55.29	95.545	-2.469	76.248	28.778	177.445	-161.75	125.106	-173.639	-149.98	157.507	179.84	-55.551	-79.197	-156.727	138.216	179.827	-172.769	172.056	80.571	-63.902	
52	0.382807	-96.082	167.591	176.661	66.48	-86.804	1.139	-158.844	-99.859	-179.77	66.514	-93.057	177.487	-85.857	-25.59	-178.152	-56.869	108.458	-93.01	147.013	-179.312	-64.089	94.911	-176.047	-59.548	
53	0.560778	-82.909	152.774	178.405	60.976	-89.385	-0.35	68.619	28.626	-176.823	143.007	-143.453	175.808	-71.477	-30.311	176.466	-61.466	110.046	-160.162	147.278	179.401	55.278	-177.899	179.326	-60.112	
54	0.612133	-158.423	-37.29	-175.168	-56.744	-84.787	-179.494	145.04	-125.584	173.232	-77.387	66.382	-172.618	-81.868	-30.428	-179.028	-173.336	74.798	-157.5	138.495	-179.975	-171.717	174.973	179.969	-179.983	
55	0.63905	-104.37	174.91	173.659	67.069	96.017	-1.261	93.023	13.298	173.338	88.602	-58.291	177.235	-60.326	-29.377	169.884	-62.219	110.75	-129.377	170.123	-179.047	-65.034	-176.202	84.154	178.011	
56	1.08974	-38.578	-42.92	-177.012	-177.404	-88.782	0.239	173.777	65.739	-179.338	81.431	-70.77	179.784	-156.273	153.165	173.914	176.054	-102.481	-129.819	141.074	-179.348	-71.396	-72.141	-86.103	-58.244	
57	1.22581	-161.968	-33.203	177.626	-64.058	101.585	-0.344	174.399	162.203	-177.808	-82.455	66.129	-178.953	-85.133	-31.595	177.182	-57.511	115.152	51.407	44.625	-178.319	-59.023	-178.677	-84.21	61.212	
58	1.93122	-90.342	38.772	-178.251	-57.07	-78.814	179.803	70.266	37.734	-179.799	-79.465	70.424	-178.424	-81.285	-30.833	177.675	-55.691	116.837	51.301	43.991	-178.296	-57.931	-177.335	-177.11	-179.773	
59	2.0993	-164.912	-31.911	-178.068	-63.935	102.139	0.01	145.746	-43.694	-179.149	-158.964	93.3	-178.476	-147.246	28.664	-178.602	60.778	102.227	-137.197	146.322	-179.686	-78.548	-72.983	173.357	175.072	
60	2.26623	-156.619	-33.519	176.745	-51.176	-69.359	178.854	-162.553	-139.353	177.557	-59.408	128.147	-174.355	47.179	50.203	-178	-52	104.476	55.135	-100.726	177.188	-167.275	74.323	-177.727	60.36	
61	2.58623	-94.184	158.092	178.489	66.41	93.325	-178.294	176.764	-72.681	178.801	-61.81	109.119	-167.728	45.001	48.861	-174.273	-167.309	64.64	50.219	-107.765	177.051	-62.568	-177.509	-179.911	59.982	
62	2.62505	-168.717	-32.367	179.02	175.76	-110.825	0.258	79.375	-70.283	177.669	63.524	-102.357	-178.932	-71.84	-28.584	-179.482	-179.689	-100.196	-65.838	-54.314	14.093	-170.803	179.436	-83.393	62.395	
63	2.63094	-139.507	152.852	178.896	-176.989	77.626	178.73	69.689	29.329	-179.237	160.53	-69.939	-179.942	-68.175	-45.668	176.756	175.6	-113.153	55.811	-153.73	178.597	-145.922	74.942	-177.422	-178.528	
64	2.65417	-156.942	-53.818	-177.661	-80.234	86.769	-179.696	61.272	-101.263	-178.032	-86.721	-26.29	-176.474	-72.312	145.893	-179	179.304	-123.095	-85.046	152.69	6.458	-65.838	-71.419	-85.052	-178.902	
65	2.94835	-156.835	-39.318	-175.181	-58.936	90.67	-179.959	148.094	72.713	-174.632	80.824	-66.03	171.972	55.175	40.169	-175.892	-159.206	66.349	-79.192	-34.391	178.987	-64.264	-69.862	175.099	179.395	
66	2.97216	-84.638	159.727	178.483	-60.32	100.888	-179.505	-150.928	140.058	-179.085	71.904	24.559	-177.352	-99.251	-9.489	177.55	71.576	-92.274	-157.111	138.552	179.976	-175.232	173.624	179.895	179.987	
67	3.20117	-110.952	173.441	-177.155	78.212	-72.482	5.807	-144.601	178.95	179.72	84.413	46.92	176.329	-156.631	160.937	-177.39	74.497	102.35	51.506	-101.427	178.359	-168.114	72.84	-179.229	-59.908	
68	3.73297	73.313	9.835	-178.538	-58.72	105.353	179.959	-79.218	73.131	179.622	-60.021	108.784	-174.866	48.589	44.533	-179.391	-165.394	65.215	-151.776	-41.065	179.186	-171.731	175.769	179.713	179.977	
69	4.04535	-37.988	-31.662	-178.819	-57.311	108.135	-179.81	171.235	64.083	176.675	63.637	-101.521	-179.578	-70.293	-28.673	178.615	-179.887	79.706	-62.879	-49.062	4.027	-170.398	-177.856	-82.131	63.367	
70	4.26998	-90.489	38.721	-178.026	-57.073	-78.811	179.784	69.561	39.555	-178.892	-78.45	73.716	178.808	-92.047	-30.424	-172.712	-54.319	117.286	46.086	48.973	-178.447	-61.573	95.088	-175.168	60.44	
71	4.6284	70.425	9.676	-179.906	-57.556	104.173	179.271	-167.085	75.512	-171.345	79.017	35.447	-178.674	-159.093	-52.442	176.036	168.735	60.034	59.438	-153.865	178.762	-148.059	-175.158	-81.653	63.489	
72	5.53571	-159.392	79.208	178.806	-63.403	-78.648	-0.531	-78.998	66.628	-176.087	141.892	151.546	-177.777	46.56	55.834	-176.917	-169.661	-115.868	-153.061	136.584	179.732	-163.225	74.3	176	-179.862	
73	5.73652	-41.204	-40.368	178.621	-178.227	-99.382	179.176	-166.798	73.738	-173.233	92.383	-48.636	171.45	-133.201	170.907	178.385	-56.225	-81.031	-63.41	-44.839	-8.987	-173.807	174.79	179.893	-60.002	
74	6.72792	60.951	87.033	-24.219	179.548	65.447	-0.052	-159.848	157.608	-177.509	78.27	-72.276	177.348	-73.741	-26.278	177.393	69.989	-96.91	-87.306	130.103	-178.971	-170.01	172.328	178.617	179.81	
75	7.15698	-81.679	136.291	26.512	-74.264	90.982	-0.084	152.02	73.861	178.989	67.531	-93.91	174.439	-71.685	-34.047	179.217	178.854	-99.907	-81.091	156.816	178.222	-66.853	177.522	-86.295	58.193	
76	7.71397	-95.558	160.288	-179.237	62.848	-86.327	0.985	-163.238	162.047	-178.781	78.722	15.608	-179.336	-73.088	151.488	-173.211	68.205	-95.668	50.555	-98.822	177.797	-168.873	72.367	-179.167	-179.893	
77	8.09766	-85.756	156.062	176.61	176.55	77.426	-162.926	-72.297	85.477	176.728	-68.438	179.412	-16.04	-69.411	-18.626	177.551	-61.721	110.945	-145.049	-23.118	176.599	56.029	178.253	179.618	-60.041	
78	10.1193	57.033	155.473	-179.31	-176.274	84.535	-4.675	177.724	75.803	-161.801	79.644	-160.017	167.624	-53.149	-55.629	174.517	170.549	-111.668	52.831	-158.348	178.854	-125.08	-66.472	-93.086	179.218	
79	10.1919	74.681	8.52	179.621	-54.498	-74.287	178.215	163.667	-55.508	-178.627	-76.726	79.974	176.33	76.28	-53.614	170.517	-149.553	91.544	-58.098	-41.92	176.14	-174.116	179.963	172.631	178.198	
80	10.2116	52.872	148.921	178.89	178.003	79.053	0.553	79.479	-72.751	-179.437	-178.917	178.086	179.897	-69.007	138.193	-179.707	177.744	72.019	-77.156	128.304	21.768	-170.538	68.991	84.576	178.385	
81	10.4437	173.342	-6.768	174.159	178.96	56.876	-0.781	88.151	-61.86	175.603	-77.075	-20.95	-175.998	54.71	-171.976	175.491	-41.58	-53.381	54.87	63.873	-0.161	-161.993	74.116	85.313	-60.752	
82	10.5865	-92.073	91.208	-171.162	177.944	61.126	0.087	64.565	48.537	-168.637	77.877	-144.33	175.008	-76.292	72.349	-175.573	-176.344	-116.365	66.109	153.951	-25.655	-148.762	72.925	-174.374	-59.293	
83	11.2406	-173.767	-23.501	179.406	64.085	-83.682	165.689	159.436	-86.081	179.221	158.622	-98.66	36.248	-106.203	0.61	177.361	67.63	-92.273	-150.53	167.955	-179.782	57.752	175.604	-84.904	61.241	
84	11.4424	178.653	-9.316	171.847	65.406	101.017	178.176	174.563	-96.092	27.208	-99.106	-5.779	177.545	-150.344	153.379	-178.414	179.601	80	-162.896	-9.452	179.895	57.252	-175.712	84.553	58.172	
85	11.5865	74.118	6.969	-178.472	-58.51	105.415	-0.192	73.069	-152.705	179.343	177.796	-179.064	-179.741	-74.123	-20.321	174.192	76.251	87.518	-155.487	138.465	13.115	-174.251	170.907	76.879	173.001	
86	12.2056	-95.949	162.425	175.548	46.278	79.357	-178.554	-150.218	33.973	-173.299	145.612	62.396	50.505	-89.164	153.469	-171.462	66.108	-96.305	47.623	69.811	177.67	-69.475	174.012	-177.512	-59.647	
87	12.3705	82.708	-7.066	174.199	-58.358	106.957	0.05	-58.971	-84.423	16.628	162.069	-50.77	-179.893	-139.191	35.878	-172.852	-51.601	97.446	-159.956	165.563	179.813	57.692	-176.763	174.084	178.889	
88	14.4098	-137.421	65.658	31.287	-176.348	-121.746	0.223	60.048	38	-178.472	-79.492	70.573	-177.785	-81.696	-27.114	179.389	-55.088	-62.227	52.743	66.714	-179.033	-163.102	179.726	179.847	59.99	
89	14.5704	-166.467	136.81	169.203	155.544	60.333	-148.064	-177.038	149.46	29.19	-106.49	-150.709	-178.598	49.087	85.721	179.438	-177.481	56.899	57.979	26.773	179.776	-53.191	-176.554	-177.597	59.933	
90	14.6474	73.814	9.404	177.775	-58.796	-74.582	-0.118	172.578	63.771	25.618	64.873	-175.437	174.166	-84.38	-29.975	-179.176	-59.055	108.019	-164.186	158.9	-177.4	59.141	-173.364	85.394	-60.619	
91	15.338	-176.645	-42.363	-176.616	173.754	-101.211	178.764	166.42	-172.961	-23.77	-70.015	-55.206	-172.27	53.849	-173.758	175.772	-42.707	-52.064	-155.244	137.864	-179.881	-172.583	172.304	80.759	-63.731	
92	15.9862	78.658	-47.54	178.143	-64.226	-78.062	0.172	62.436	45.531	179.826	148.541	-93.005	40.122	-98.029	144.461	-177.265	73.769	87.107	50.25	-99.317	178.05	-169.052	178.111	179.769	-60.016	
93	17.6855	-160.876	131.691	34.55	-74.295	-89.334	179.557	-104.184	-3.565	-177.593	-172.545	-168.212	-178.529	47.762	51.374	-173.466	-168.008	-115.644	-77.93	138.517	-178.81	-64.67	177.965	-171.855	59.993	
94	26.7142	-91.499	41.975	-178.996	-57.832	-79.176	179.622	-74.901	82.496	174.952	-142.314	-89.193	177.317	-135.816	86.268	-137.957	-179.668	66.236	59.194	-25.699	-174.13	108.368	-172.451	179.34	-60.112	
95	28.514	-95.566	166.999	-30.012	61.048	-88.375	2.245	-167.933	161.746	25.102	-92.402	167.233	-176.224	56.823	-177.165	177.828	-40.91	116.838	-159.228	-36.208	-179.799	-166.888	175.464	-177.919	60.422	
96	30.4681	-78.223	127.972	42.989	-53.627	-47.368	178.764	-110.935	13.232	172.089	-74.722	76.244	-179.784	-73.135	141.634	-176.657	-64.647	-72.988	65.842	-23.339	-179.866	116.923	-175.211	179.375	179.927	
97	32.8344	42.428	156.461	178.131	60.302	-93.767	0.851	72.546	-177.577	14.912	71.14	20.291	-173.644	62.424	142.581	-54.756	-153.264	-93.481	-129.254	-59.948	-176.816	-146.469	-72.274	-84.418	-178.398	
98	44551.6	177.597	-16.253	171.919	39.713	80.481	69.248	89.698	100.879	-29.422	-158.025	49.747	161.998	-54.199	-120.681	-60.598	-123.857	-172.24	161.73	154.974	-179.288	-46.11	124.916	177.153	-117.822	
99	71606.4	-133.451	-10.796	-91.454	6.909	-77.109	2.701	-125.268	-162.12	100.545	-105.285	-54.966	118.796	37.19	142.04	176.578	150.921	-57.837	175.307	158.543	-178.966	-114.822	-72.392	-178.292	-66.969	
100	86199.1	-81.657	-131.691	89.023	-176.647	2.507	-98.911	-161.95	88.334	-107.215	46.63	125.158	98.091	55.885	-121.88	-83.297	-73.933	-178.759	128.773	-131.999	-166.304	-80.19	127.132	179.866	-69.857	
