1	-11.7072	-83.468	155.816	-177.17	-173.2	79.374	-166.344	-154.336	86.016	168.501	82.928	-75.136	-169.977	-136.842	19.118	-174.114	58.851	-85.471	-163.456	160.958	-179.79	52.873	175.321	-179.876	-178.615	
2	-10.964	-78.856	142.955	-167.85	-164.951	75.817	-159.633	-90.124	60.055	178.43	67.312	-89.181	175.455	-94.464	-31.362	-171.378	179.507	-101.252	-88.679	145.024	178.965	-63.856	-178.326	-179.46	-59.951	
3	-10.8579	-78.963	141.141	-168.576	-168.314	70.451	177.519	-90.073	61.024	174.511	74.689	-77.176	-173.702	-127.482	13.663	-175.503	60.431	-87.65	-158.848	168.388	-179.349	53.187	173.775	-179.404	-58.594	
4	-10.2998	68.148	16.704	178.341	-170.238	64.602	-173.099	57.586	37.18	-179.443	81.547	-70.13	-172.962	-141.158	18.176	-168.089	57.731	93.919	-103.625	108.255	-179.522	-66.3	176.206	-174.339	-58.46	
5	-10.2817	-84.074	152.346	-179.093	179.361	-112.601	146.491	-159.255	69.111	177.464	66.246	-94.646	176.772	-77.75	-32.754	-177.107	178.974	80.224	-79.024	141.973	-178.848	-65.421	-179.208	-179.319	-59.935	
6	-10.2816	-81.995	145.18	-177.593	178.124	-119.541	155.66	-149.065	54.168	173.619	81.182	-70.958	-172.24	-118.091	12.874	-175.081	60.103	-90.012	-156.601	168.57	179.968	53.69	175.558	178.783	-58.423	
7	-10.2809	-84.043	152.304	-179.089	179.32	67.375	-33.485	-159.187	69.106	177.413	66.267	-94.667	176.763	-77.738	-32.744	-177.097	178.974	80.218	-79.034	141.847	-178.844	-65.411	-179.192	-179.377	-59.988	
8	-10.2795	-82.802	155.63	-177.665	-167.029	88.512	-144.126	-161.759	79.221	174.981	66.743	-96.356	178.297	-79.951	-27.25	179.361	72.416	-95.392	-76.931	126.772	-178.514	-173.61	177.826	81.849	-64.23	
9	-10.2474	-84.294	151.4	179.195	176.492	-108.726	149.161	-162.398	76.579	178.364	70.142	-91.471	178.132	-99.374	-14.506	175.543	72.887	-94.027	-74.603	132.485	-178.933	-64.831	-176.658	-177.151	-57.228	
10	-10.2427	-83.016	155.828	-177.879	-167.132	88.556	-144.261	-162.085	80.407	174.885	66.369	-97.061	177.319	-77.619	-33.112	179.165	-179.467	80.475	-71.26	127.422	-178.366	-174.28	177.397	82.13	-63.983	
11	-10.1959	-84.2	153.351	-179.898	179.082	-109.187	143.97	-161.94	72.759	177.789	65.815	-95.728	178.145	-79.941	-27.255	179.759	72.319	-95.423	-76.065	128.047	-178.837	-172.239	179.37	83.23	-62.805	
12	-10.1515	-82.402	154.257	-176.993	-167.466	87.277	-146.363	-158.008	78.665	173.845	66.734	-95.648	177.59	-77.816	-32.62	-176.98	178.983	80.206	-79.004	134.115	-178.4	-65.524	-179.249	-179.32	-59.931	
13	-10.1414	-82.36	153.663	-176.83	-167.528	87.599	-151.441	-159.938	81.721	174.871	72.524	-90.28	177.059	-102.524	-13.763	176.1	72.16	-93.72	-75.288	128.225	-178.576	-64.761	-176.686	-177.161	-177.203	
14	-10.1358	-84.27	153.771	179.939	178.821	-108.74	143.832	-162.792	74.24	177.835	65.357	-96.4	177.297	-77.889	-32.865	179.535	-179.408	80.372	-70.438	128.38	-178.676	-172.965	178.98	83.582	-62.627	
15	-10.1337	-84.081	152.034	-179.478	178.827	-111.272	146.351	-159.71	70.739	177.392	66.853	-94.693	177.676	-81.608	-26.9	-179.247	72.593	-95.335	-77.987	131.656	-178.919	-171.335	176.595	179.481	179.904	
16	-10.1243	-169.654	-27.996	178.18	-175.723	84.385	-154.408	79.442	-72.709	-174.791	141.442	-31.743	-179.417	-71.794	-20.361	176.211	70.336	-95.42	-65.92	135.355	-179.091	-69.967	-174.749	-171.07	-177.731	
17	-10.0691	-82.74	154.717	-177.059	-167.233	87.689	-146.409	-159.609	78.825	174.325	67.742	-94.94	178.041	-82.7	-26.757	-179.357	72.667	-95.317	-78.353	128.923	-178.546	-172.193	176.54	179.284	179.858	
18	-10.0241	-84.275	152.77	-179.628	178.761	-110.693	145.787	-160.926	72.197	177.521	66.18	-96.044	176.781	-78.626	-32.568	-179.829	-179.326	80.503	-71.926	131.215	-178.741	-172.874	176.599	179.105	-60.149	
19	-9.97864	-83.026	154.35	-177.325	-173.182	81.046	-165.399	-154.012	87.341	169.254	81.783	-76.284	-173.825	-140.417	29.662	179.733	-55.753	101.311	-163.092	160.771	-179.819	52.184	173.814	179.825	-179.846	
20	-9.91412	179.358	-17.518	-178.291	178.944	-99.642	173.64	-59.721	-37.693	-178.814	-67.292	-39.744	179.749	-71.378	-38.445	-179.716	174.456	78.549	-160.596	122.059	-178.087	-174.956	175.125	179.373	-60.079	
21	-9.89799	-77.966	140.01	-167.302	-163.793	-101.13	23.556	-89.986	60.224	179.151	68.69	-86.594	175.014	-98.326	-27.544	-172.032	-56.882	-75.817	-83.519	136.463	178.55	-64.205	178.767	-83.201	-57.393	
22	-9.82545	-84.083	152.589	-179.342	179.036	-112.119	146.633	-160.177	70.486	177.372	66.548	-95.175	176.848	-78.491	-32.39	-177.045	179.362	80.434	-79.075	142.993	-178.878	-65.834	179.862	-84.074	-58.136	
23	-9.76841	-84.025	152.512	-179.038	179.298	-112.77	146.694	-159.471	69.217	177.366	66.24	-94.761	176.759	-77.584	-33.216	-176.774	178.584	81.166	-79.893	144.227	-178.872	-65.339	-71.277	179.428	-59.579	
24	-9.41752	-81.503	151.168	177.45	-170.603	91.875	-3.553	-165.756	149.325	178.481	67.87	-92.116	-176.431	-147.018	21.931	-171.704	58.433	-84.098	-163.382	168.611	-179.748	55.003	178.617	176.113	-179.986	
25	-9.41244	-97.309	171.013	-178.389	65.866	94.066	179.215	-64.167	94.29	-177.124	153.582	-64.91	170.925	-76.308	-26.531	172.194	176.827	-121.514	-122.56	160.721	-179.273	-59.208	-175.311	-177.367	-57.774	
26	-9.3679	-78.264	140.261	-164.708	-164.927	-103.33	28.76	-90.77	61.917	-178.893	71.544	-89.274	174.033	-107.726	-14.707	-178.27	70.702	-91.71	-79.245	129.496	177.256	-64.311	-177.754	-83.146	-55.909	
27	-9.35903	176.569	-11.195	177.681	-175.433	-101.664	179.902	-59.428	-35.467	179.856	-68.694	-38.695	179.854	-71.074	-37.282	177.213	-179.034	86.524	-159.114	122.323	-177.832	-177.532	172.346	179.675	-60.049	
28	-9.29335	-175.978	-22.724	178.307	171.943	59.934	-151.695	88.326	32.17	171.042	75.609	-81.145	-178.496	-95.12	-36.908	-178.37	178.095	57.431	-163.664	159.288	-177.203	62.075	-173.539	178.667	-60.02	
29	-9.27373	-83.93	27.053	-178.362	-171.132	62.763	-174.346	53.217	37.585	-177.544	79.447	-71.529	-173.559	-140.556	18.187	-167.908	57.677	-86.212	-104.117	114.082	-179.92	-66.459	176.364	-174.498	-58.189	
30	-9.25948	179.592	-17.227	-178.987	-179.89	-99.517	172.989	-60.082	-37.94	-179.034	-67.813	-39.759	179.548	-70.6	-37.842	-179.307	173.524	78.247	-159.672	121.019	-177.954	-171.188	-179.252	-80.347	-54.833	
31	-9.25014	-82.191	153.991	-176.304	-169.664	83.449	-157.506	-153.602	78.583	169.062	77.266	-81.291	-169.752	-86.024	-31.382	-174.739	-179.417	68.137	-160.046	169.877	179.114	60.309	-177.091	177.325	179.61	
32	-9.24781	-179.955	-19.067	-177.893	175.861	80.541	-175.478	-62.523	-38.075	-178.743	-69.341	-39.642	179.952	-69.612	-43.571	177.548	173.988	-118.884	-142.709	114.198	-177.024	-81.02	-177.453	176.008	-62.069	
33	-9.24724	-163.605	-36.646	177.501	-172.909	90.57	-150.102	77.774	-74.895	-172.99	149.9	-34.355	174.099	-61.22	-29.232	-179.773	67.343	-95.049	-69.511	140.525	-179.48	-174.1	172.106	176.305	-60.565	
34	-9.22865	-179.679	-19.015	-178.062	177.575	-98.334	179.627	-62.152	-37.206	-178.842	-68.82	-39.875	179.941	-69.853	-44.552	176.981	173.71	-117.669	-142.782	115.64	-177.153	-80.871	-176.882	176.823	-61.829	
35	-9.21354	179.539	-17.414	-178.639	179.679	-98.748	173.791	-58.539	-40.488	-178.168	-68.832	-36.951	-178.901	-71.743	-39.538	-179.511	175.116	78.397	-160.887	-52.701	-179.419	-174.78	174.896	179.373	179.92	
36	-9.1263	-169.417	-31.18	175.89	168.25	67.283	-145.53	79.279	-68.701	-173.921	179.782	-43.329	173.303	-149.771	26.257	-171.28	56.568	-83.747	-114.998	159.821	-179.517	-60.935	-177.517	-176.732	-178.41	
37	-9.1228	-83.315	154.078	-177.903	-174.686	80.777	-165.904	-152.362	91.362	168.319	78.961	-77.456	-175.425	-139.292	30.549	-179.2	-55.917	101.198	-156.449	137.045	179.648	-172.288	175.27	179.806	179.996	
38	-9.0986	82.257	-9.591	-178.209	-174.817	-103.008	177.071	-64.797	-38.957	-179.644	-69.437	-37.233	179.062	-70.993	-37.304	179.125	177.676	82.701	-158.459	119.523	-177.777	-175.235	175.712	179.495	179.929	
39	-8.86441	-94.491	166.337	-178.395	62.629	-89.11	176.552	-63.601	93.673	-174.846	150.684	-40.877	171.798	-92.835	-33.763	178.605	173.07	-121.359	-160.828	176.327	179.816	59.422	-176.352	176.437	-61.924	
40	-8.82416	-170.153	-36.668	-170.289	170.623	79.412	-174.621	-60.596	-39.975	-176.24	-67.702	-33.258	-175.98	-88.249	-27.481	-177.557	-60.234	100.815	-159.281	118.653	-178.232	-175.699	173.134	177.132	-60.542	
41	-8.78769	-84.463	151.743	179.034	177.43	-110.523	149.853	-161.883	73.909	179.374	69.339	-87.702	-179.713	-102.88	-13.673	-176.307	69.684	-94.227	-72.196	-45.479	178.435	-66.86	178.821	-177.555	-59.032	
42	-8.69423	-166.509	171.531	-178.666	60.104	89.712	-3.753	-64.014	92.461	-174.632	146.743	-34.594	175.912	-110.555	-50.534	-177.284	167.663	66.403	-159.394	-55.906	-177.986	-173.035	175.769	179.843	-60.033	
43	-8.67208	-179.64	-19.529	-177.83	176.139	79.314	-176.028	-61.318	-41.521	-178.371	-72.329	-35.449	-178.382	-70.555	-42.09	179.077	175.425	-119.479	-142.898	-52.68	178.045	-82.168	-178.252	175.358	-62.378	
44	-8.63326	-148.086	178.094	178.314	71.886	-80.076	178.49	-64.795	91.34	-173.417	150.044	-49.604	168.802	-74.436	-31.141	173.95	174.543	-108.192	-153.168	178.722	-179.933	59.177	-177.969	176.853	-61.654	
45	-8.49282	-165.694	-26.32	-178.647	63.798	96.906	-4.749	150.546	148.933	175.358	73.59	-80.962	-173.897	-72.975	-36.791	179.358	177.975	-118.316	-161.305	168.942	179.487	62.561	-174.302	-179.814	58.881	
46	-8.48081	-167.768	-34.002	176.161	169.25	71.154	-145.092	78.923	-72.964	-173.718	-173.189	-50.131	178.046	-148.532	47.212	178.803	-60.019	-78.014	-160.346	-171.031	179.652	57.978	179.952	177.011	177.465	
47	-8.47333	-82.434	149.609	179.416	-179.663	-102.876	176.498	-168.253	46.546	174.771	77.902	-74.415	-177.887	-79.325	-7.85	174.372	68.561	-96.596	-138.81	166.653	-179.35	59.399	176.962	179.86	59.799	
48	-8.47196	-164.532	-39.171	-177.104	176.773	-93.4	-172.755	-63.271	148.452	-177.227	81.888	-61.983	175.405	-58.154	-38.345	179.43	171.412	72.89	-153.287	145.516	179.131	-168.846	173.286	-179.766	-59.268	
49	-8.34147	-83.78	151.873	178.98	176.715	-110.043	174.563	-169.06	66.036	-179.528	64.019	-97.437	176.705	-70.221	-34.038	-178.82	178.057	-99.906	-80.956	149.542	-179.052	-64.842	-178.858	-179.316	-59.939	
50	-8.26394	-171.527	-28.998	-178.402	63.061	95.886	171.639	137.88	-166.785	175.517	63.129	-96.606	-176.625	-84.801	-33.134	-177.187	179.731	60.248	-164.424	150.088	179.784	60.085	-174.359	177.818	179.359	
51	-8.24511	-176.889	-20.255	179.274	179.723	-101.051	150.027	-70.364	77.109	-174.798	155.23	-38.092	173.143	-78.123	-42.053	177.746	176.946	-101.217	50.012	-109.703	177.606	-59.031	-66.093	-176.206	-57.083	
52	-8.22026	67.56	17.889	177.617	-171.044	-114.231	4.175	58.122	41.707	-178.48	76.871	-73.887	-178.857	-142.427	27.544	-174.546	-56.997	100.755	-91.916	108.683	-178.727	-170.206	177.551	179.76	-60.013	
53	-8.2195	-169.126	-32.671	177.167	169.004	70.098	-143.493	79.61	-71.969	-174.853	178.262	-48.89	179.979	-87.363	-49.687	-173.882	175.94	-112.731	-163.892	-44.888	178.399	-171.963	175.437	179.949	-179.967	
54	-8.20972	-82.789	149.753	178.546	179.05	79.201	178.328	-170.766	46.892	174.877	78.179	-73.786	-178.278	-77.851	-8.57	173.492	68.677	-96.808	-138.676	166.387	-179.253	60.128	177.544	-179.739	-60.033	
55	-8.19687	-80.19	146.715	175.158	170.906	68.025	-174.056	-66.974	88.811	-172.408	148.595	-37.267	171.676	-87.836	-31.943	176.352	179.384	-111.924	-158.842	175.253	179.863	58.205	-178.042	175.017	-62.928	
56	-8.19439	-178.021	-14.75	172.567	57.699	-85.703	-7.814	94.589	-157.075	179.15	63.645	-94.747	178.891	-81.823	-31.933	-178.587	-179.148	78.037	-158.961	123.455	178.602	-173.264	176.057	179.665	-60.066	
57	-8.14435	177.7	-14.242	178.972	179.581	-105.686	175.213	-60.457	-34.931	179.387	-67.932	-39.411	-178.82	-72.859	-37.645	-177.689	178.13	87.383	-71.674	126.151	-178.358	-173.345	173.895	175.122	-61.496	
58	-8.12683	-168.735	-34.071	-177.943	176.336	-96.753	-178.399	-63.206	-37.086	-179.75	-71.756	-34.151	-178.048	-74.066	-38.489	177.438	177.037	59.656	-162.398	153.356	-179.014	63.161	-168.301	-75.619	-51.742	
59	-8.10159	-81.066	151.298	177.92	-167.418	92.466	-5.748	-162.838	149.714	179.909	63.318	-98.354	178.487	-143.665	32.352	-177.938	-57.429	100.679	-157.221	164.796	-179.708	56.778	178.986	179.287	179.987	
60	-8.07586	-168.931	-28.223	178.033	-174.055	78.651	-162.106	77.148	-82.234	-176.185	157.197	89.715	172.571	-148.857	166.303	177.754	64.988	-90.758	-155.765	137.227	179.951	-171.329	175.382	179.996	-60.006	
61	-8.05868	-164.617	-35.706	179.224	-173.851	89.513	-154.887	65.059	-93.938	176.759	-153.216	39.131	179.818	-63.249	157.288	175.01	176.957	-100.171	-150.265	138.89	-179.71	-170.936	175.343	179.945	-60.013	
62	-8.02484	173.539	-7.74	179.363	64.085	-85.64	-0.607	82.943	-139.986	176.049	68.819	-83.569	177.559	-143.712	25.98	-179.363	57.602	-82.784	-62.25	129.007	-178.484	-171.8	174.792	-177.403	-59.645	
63	-8.01694	-85.451	156.301	179.425	-179.852	-108.108	142.093	-166.732	74.77	179.58	64.954	-98.58	176.993	-77.268	-27.568	-178.719	71.899	-95.584	-71.129	126.396	-178.689	-162.256	-161.505	-68.431	-170.312	
64	-8.01672	-165.806	-37.099	-176.371	177.683	-90.918	177.995	-63.166	150.392	-178.866	83.583	-62.032	179.143	-67.763	-37.263	179.864	-58.488	-69.243	-137.478	160.631	179.488	-64.055	-174.535	-178.806	-179.869	
65	-7.99319	-84.407	151.071	179.039	177.602	-112.777	154.734	-163.392	70.963	-176.523	77.785	-68.498	174.689	-73.547	146.085	179.722	178.521	72.703	-82.344	116.585	-179.017	-67.084	179.747	-179.849	-60.005	
66	-7.97025	-78.999	140.944	-168.23	-168.502	70.057	177.974	-89.991	61.832	174.989	74.45	-78.305	-173.933	-128.094	14.056	-177.945	63.359	-86.613	-157.087	169.441	-179.384	61.128	-178.436	-70.944	-42.369	
67	-7.95736	-81.569	146.707	178.785	-178.011	75.369	4.548	-168.854	150.759	-177.656	66.63	-90.345	179.2	-149.219	21.989	-171.522	58.482	-83.883	-164.565	157.328	179.952	54.831	178.764	177.331	-179.57	
68	-7.91731	-165.016	-41.324	178.156	174.99	-106.923	138.638	77.017	-75.523	-172.104	152.941	-36.287	176.266	-62.654	-29.061	-177.66	67.874	-94.911	-71.874	131.933	-178.372	-174.56	173.373	178.505	-60.219	
69	-7.89546	-84.12	152.394	178.569	179.125	-109.933	150.649	-165.382	71.3	-173.674	75.57	-68.185	171.297	-73.571	155.122	-179.352	-179.09	72.324	-58.762	120.898	-178.584	-173.712	175.558	179.876	-60.016	
70	-7.8361	-179.983	-18.258	-170.664	68.288	-86.593	-174.147	125.64	-173.202	176.308	59.786	-101.685	178.776	-76.443	-38.707	-174.641	179.039	80.327	-95.935	112.527	-179.049	-172.806	175.378	178.267	-60.287	
71	-7.8212	-167.473	-48.137	-167.158	167.672	78.414	-1.453	-62.524	-32.611	-177.538	-66.754	-30.366	-174.329	-93.512	-42.784	-176.725	-60.245	100.214	-166.222	163.181	179.298	52.603	176.224	170.912	178.484	
72	-7.82038	-175.372	-27.934	-172.933	66.98	95.028	176.342	136.584	-152.294	172.905	74.407	-81.032	-176.277	-80.94	-17.366	179.724	72.229	-95.418	-69.369	126.633	-178.307	-67.195	-176.517	177.234	61.28	
73	-7.75768	-79.001	142.366	-170.867	177.452	-124.669	-1.848	-59.763	-38.442	-177.548	-67.903	-33.015	-175.225	-83.061	-34.828	-179.577	179.668	62.348	-160.572	153.944	-179.059	59.352	-175.405	176.5	177.305	
74	-7.75305	-167.511	-31.152	-176.451	-176.732	91.766	-0.647	83.467	47.833	-179.715	177.477	-70.792	176.529	-77.888	-26.158	178.974	-56.963	-59.846	-160.343	175.121	179.522	56.456	178.852	178.467	-60.706	
75	-7.69752	-82.253	144.349	179.921	178.72	-108.744	144.11	-148.511	66.999	178.397	66.441	-93.08	176.836	-83.413	-29.93	-175.423	-179.973	80.214	-74.879	-43.235	173.044	-66.294	-179.728	-179.204	-59.913	
76	-7.68187	-82.358	144.528	179.874	178.366	-109.028	145.047	-149.106	67.283	178.026	67.287	-92.265	177.222	-87.08	-25.829	-177.034	71.956	-95.471	-74.944	-47.034	174.405	-170.584	176.813	179.684	-60.034	
77	-7.67698	-169.388	-29.976	-178.655	177.154	-98.155	0.742	95.131	-161.433	-179.369	69.541	-84.864	177.854	-145.012	20.747	-173.835	59.234	-83.347	-167.542	-168.694	178.991	57.513	-179.339	-178.579	-53.899	
78	-7.62379	-165.432	-30.684	179.366	60.242	-85.043	-177.618	-105.652	58.318	-176.722	65.476	-95.499	177.137	-85.05	-30.91	-174.264	-178.963	80.549	-78.3	126.634	-178.603	-168.033	177.995	-174.186	-57.884	
79	-7.60791	-159.926	156.212	175.655	59.159	87.807	-174.696	54.725	-119.391	175.548	-118.904	16.981	179.003	-84.218	-41.056	171.461	-172.295	-106.848	-163.695	-16.205	174.181	62.023	-173.951	172.954	-66.066	
80	-7.58654	-154.414	152.596	-179.572	65.033	100.537	-176.153	53.948	-129.892	171.517	-112.048	17.949	-175.747	-93.136	-30.438	177.302	-60.351	-83.582	-152.347	-36.675	175.9	-171.544	175.149	179.745	-60.009	
81	-7.5551	-167.634	-30.803	-177.694	-177.856	-100.034	1.555	-72.883	76.439	179.797	165.281	-61.92	-179.022	-97.522	-12.25	172.593	66.529	-95.952	52.925	-113.705	178.133	-57.934	-67.432	177.642	-59.034	
82	-7.46848	-174.451	-25.81	-167.175	69.494	-88.574	1.153	142.857	-162.278	178.662	70.755	-81.292	176.517	-147.295	28.853	174.875	55.663	-82.337	-159.299	167.891	179.335	56.829	169.363	82.645	-60.632	
83	-7.46811	-177.305	-21.454	178.928	171.625	59.132	-152.651	88.342	27.627	171.338	77.281	-77.264	-176.747	-95.976	-38.584	-175.34	-57.588	103.471	-160.373	143.837	-178.052	-172.184	171.166	80.016	-64.207	
84	-7.41328	-171.42	-31.044	-177.285	171.199	-111.219	179.194	72.98	-134.589	177.339	67.482	-92.86	-177.95	-97.713	-13.923	-179.347	68.435	-95.435	-72.694	126.706	-178.436	-66.58	-176.638	-177.779	60.885	
85	-7.38859	-176.07	-27.225	-172.879	170.214	55.842	-178.028	-59.424	-35.306	-178.108	-67.807	-33.015	-175.941	-90.711	-23.472	179.468	-63.969	95.311	-65.421	127.358	-178.379	-171.634	178.609	-176.962	-59.669	
86	-7.38342	-155.037	164.864	176.038	73.088	103.744	-172.979	55.794	-118.062	173.109	-126.22	25	-178.801	-92.741	-41.581	177.061	-66.244	-88.844	-164.22	-10.012	173.103	56.485	-179.793	175.292	-64.689	
87	-7.26126	175.192	-10.023	177.713	-177.183	-102.965	179.357	-60.209	-33.276	178.982	-68.902	-37.779	-179.89	-74.028	-34.502	178.994	-177.488	90.768	-64.366	126.457	-178.264	-170.799	-175.952	-80.945	-54.836	
88	-7.23064	-165.646	-37.048	-177.271	-178.826	-89.179	178.568	-76.684	75.229	-175.924	135.582	-43.299	175.456	-74.464	-24.796	171.999	-179.723	58.293	-133.231	-6.761	179.923	-62.314	-170.468	-174.752	-176.382	
89	-7.18727	-84.685	28.728	-179.783	-171.765	61.376	-151.584	54.382	37.143	-174.24	73.603	-74.265	-178.252	-148.492	65.154	171.599	-62.256	-77.827	-55.238	137.962	-178.73	-82.991	172.333	172.085	-179.685	
90	-7.15086	-164.048	147.691	174.241	60.373	-86.404	4.663	59.877	-105.649	-176.121	-76.863	-30.719	-177.042	-82.627	-21.749	172.232	-60.046	-71.885	-158.448	119.391	-177.671	-168	178.34	179.808	-60.028	
91	-7.08152	-84.019	150.814	179.027	177.534	-110.466	149.491	-160.273	73.118	179.108	69.173	-88.024	-179.943	-101.854	-14.12	-176.649	70.007	-94.108	-73.7	-45.172	178.159	-66.387	177.349	83.08	-62.483	
92	-6.85833	-163.694	-38.316	179.226	-178.233	-87.604	0.328	-160.609	63.103	177.863	65.521	-98.072	177.313	-70.747	-27.895	178.527	72.542	-94.69	-82.092	-39.522	168.391	-169.701	171.312	174.888	-60.244	
93	-6.79155	-83.241	154.086	176.458	174.618	73.351	-175.625	-68.745	81.229	-175.722	154.96	-40.105	174.6	-88.855	-38.723	179.97	-179.701	-100.131	-74.754	130.036	-178.635	-171.681	175.953	179.9	-60.011	
94	-6.62097	-76.871	158.532	177.07	-177.242	84.645	175.349	105.966	134.058	179.047	77.949	-73.831	-176.726	-81.554	-14.04	174.905	72.836	-94.673	-149.786	133.416	179.87	-173.108	178.771	176.346	179.517	
95	-6.56517	-83.025	159.459	177.3	-172.044	-94.463	-176.214	103.682	140.187	179.744	77.077	-74.453	-176.797	-80.357	-15.846	173.487	71.309	-95.257	-151.981	128.725	179.996	-170.581	-177.53	178.657	179.814	
96	-6.52546	-84.257	151.013	178.859	177.64	73.608	178.641	-165.737	73.217	-177.746	66.405	-93.653	-178.521	-93.899	-15.534	-179.873	72.123	-94.909	-71.387	-43.516	176.81	-66.438	-179.63	-177.587	-58.632	
97	-6.51252	-171.919	-19.344	168.722	-171.172	-123.177	1.245	58.83	46.501	-179.661	81.735	-73.208	-177.14	-154.377	62.732	171.864	-65.453	-75.437	-161.641	-169.213	179.699	57.467	177.423	178.518	176.84	
98	-6.46879	-166.15	-36.267	-179.602	-179.515	-93.365	179.173	-167.829	66.529	175.575	64.775	-96.861	175.35	-63.069	-35.509	177.205	177.039	79.457	-79.732	-40.243	167.417	-65.234	-178.653	-179.328	-179.947	
99	-5.78305	-133.65	159.274	175.02	-179.45	75.71	178.006	79.609	-78.856	177.521	-75.354	-31.469	-179.91	-73.821	-36.66	-179.349	177.5	-122.396	-163.118	-23.974	177.74	61.42	-172.4	-179.896	-57.278	
100	-5.61885	179.796	-17.626	-179.679	55.454	86.323	-2.84	69.993	-89.31	173.871	-144.443	27.573	178.064	-81.807	-30.286	-179.796	-179.055	-100.435	-69.856	-44.431	178.283	-172.09	175.672	179.828	-59.978	
