1	-10.2809	-83.967	152.301	-179.108	179.322	67.399	-33.479	-159.209	69.145	177.417	66.279	-94.67	176.757	-77.762	-32.733	-177.089	178.965	-99.783	-79.03	141.906	-178.846	-65.414	-179.209	-179.323	-59.94	
2	-10.2474	-84.294	151.4	179.195	176.492	-108.726	149.161	-162.398	76.579	178.364	70.142	-91.471	178.132	-99.374	-14.506	175.543	72.887	-94.027	-74.603	132.485	-178.933	-64.831	-176.658	-177.151	-57.228	
3	-10.1337	-84.081	152.034	-179.478	178.827	-111.272	146.351	-159.71	70.739	177.392	66.853	-94.693	177.676	-81.608	-26.9	-179.247	72.593	-95.335	-77.987	131.656	-178.919	-171.335	176.595	179.481	179.904	
4	-9.99146	-82.882	155.209	-177.313	-167.207	87.892	-145.512	-160.545	79.687	174.536	66.929	-96.564	177.02	-78.73	-32.78	179.898	-179.35	-99.599	-72.221	129.117	-178.389	-173.735	176.531	178.939	179.863	
5	-9.82543	-84.101	152.559	-179.311	179.016	-112.086	146.67	-160.142	70.47	177.366	66.564	-95.159	176.837	-78.5	-32.4	-177.027	179.34	80.437	-79.087	143.04	-178.878	-65.828	179.865	-84.068	-58.138	
6	-9.76818	-84.086	152.5	-179.037	179.249	-112.704	146.743	-159.498	69.306	177.376	66.252	-94.702	176.764	-77.744	-33.161	-176.763	178.603	-98.824	-79.94	144.53	-178.878	-65.318	-71.283	179.425	60.419	
7	-9.72692	-82.423	153.861	-177.827	-168.036	-91.78	28.138	-160.271	84.755	173.873	71.904	-91.684	178.751	-102.104	-12.76	176.277	71.513	-92.874	-82.09	132.166	-178.711	-64.2	-176.802	-85.578	61.56	
8	-8.88759	-82.154	145.812	-177.532	178.965	-119.112	153.651	-149.177	54.215	173.52	78.659	-77.509	-171.996	-70.855	-33.187	-177.896	178.228	-116.36	-160.934	168.543	179.094	60.906	-175.453	177.179	-60.397	
9	-8.20916	-82.659	149.667	178.529	179.02	-100.842	-1.68	-170.524	46.693	174.956	78.202	-73.753	-178.3	-77.781	-8.592	173.46	68.66	-96.808	-138.675	166.406	-179.262	60.172	177.598	-179.736	-60.031	
10	-8.20051	-82.26	152.426	-178.057	-166.908	-91.133	31.276	-159.459	79.532	176.938	70.769	-87.609	179.173	-105.449	-12.386	-176.326	69.182	-93.884	-73.829	-45.637	178.194	-66.469	179.028	-177.679	-58.93	
11	-7.91733	-75.624	107.791	-173.286	178.209	-102.99	36.149	-93.604	66.505	169.943	80.207	-70.35	-177.838	-89.079	-38.117	-172.532	178.07	-111.145	-158.519	148.894	175.662	-171.65	172.385	-179.99	179.989	
12	-7.75372	-84.363	151.649	179.321	177.501	-105.365	1.052	-166.504	76.586	-179.07	67.488	-95.907	179.808	-92.618	-15.038	173.653	74.466	-94.386	-74.907	133.366	-178.847	-64.736	-175.925	-176.917	-56.797	
13	-7.6597	-84.12	153.65	-179.486	-179.762	72.132	-179.872	-167.158	71.026	-179.661	63.965	-99.599	177.436	-70.041	-33.607	-178.582	178.378	80.249	-79.462	146.962	-178.796	-66.104	179.925	-84.732	61.251	
14	-7.6069	-174.209	-22.513	179.628	55.627	88.263	4.333	-128.821	54.858	178.319	67.402	-93.531	178.018	-83.454	-27.104	-178.644	-58.61	-72.154	-82.566	120.8	-177.681	-64.127	-178.441	-179.278	-59.935	
15	-7.51154	81.235	-9.927	177.23	174.436	59.924	-147.164	75.401	28.626	172.602	77.573	-76.545	-176.186	-92.715	-42.487	-175.323	177.208	-108.633	-162.901	142.056	-177.422	-171.51	174.202	-179.874	-59.994	
16	-7.50958	-82.677	145.233	179.468	178.414	-106.886	143.252	-150.762	69.998	178.638	66.137	-94.898	176.455	-83.529	-30.514	-177.882	-178.746	-99.672	-69.172	-47.569	173.494	-171.901	176.822	179.404	-60.097	
17	-7.50611	-179.732	-16.916	178.506	61.163	88.895	-3.679	69.248	-91.219	175.996	-145.327	30.672	176.498	-71.766	-29.844	179.566	179.053	79.265	-72.484	129.015	-178.35	-68.996	178.677	178.082	-61.669	
18	-7.49203	67.663	17.847	178.144	-170.332	-113.789	-176.168	58.542	40.387	-179.139	78.18	-71.287	-177.763	-143.614	23.149	-172.052	56.802	95.47	-89.841	111.581	-178.013	-169.886	177.552	179.82	-60.029	
19	-7.34715	-77.644	143.776	-179.1	174.664	61.752	-177.987	-63.694	147.489	-177.308	88.557	-60.898	170.662	-63.135	-31.083	169.077	175.632	-122.34	-120.708	150.726	-179.153	-59.166	-175.679	-174.283	-57.156	
20	-7.0714	-83.965	152.376	178.607	179.155	-109.779	150.53	-165.408	71.365	-173.578	75.541	-68.143	171.176	-73.949	155.809	-179.901	-179.174	-107.98	-57.541	120.574	-178.607	-174.869	172.879	80.396	-64.079	
21	-7.04729	-80.997	145.809	178.238	-166.814	95.68	-151.049	-159.548	83.65	-171.393	80.9	-55.006	168.761	-127.948	167.489	-178.924	58.373	-89.893	-78.884	-61.04	179.7	-171.151	176.079	-179.715	-59.983	
22	-6.8357	-163.658	-38.506	179.3	-178.38	92.157	-0.595	-160.231	63.084	177.85	65.502	-97.987	177.321	-70.782	-27.906	178.527	72.552	-94.685	-82.121	-39.597	168.317	-169.745	171.281	174.872	59.722	
23	-6.82631	175.533	-8.418	176.047	62.199	-84.992	-166.639	81.673	-143.211	179.869	65.964	-98.264	177.137	-86.35	-27.064	179.813	-58.286	107.144	-74.836	128.87	-178.608	-172.731	177.177	179.513	179.947	
24	-6.77429	-170.081	-30.375	-176.501	179.163	-95.863	1.35	-174.09	66.629	174.517	65.875	-97.2	175.138	-64.484	-35.204	176.793	177.488	-100.927	-82.598	145.763	-179.465	-64.225	-178.054	-179.373	-59.973	
25	-6.53069	-86.468	26.723	-174.919	49.579	-90.817	2.712	85.306	153.41	179.639	75.319	-75.376	-177.214	-72.048	-37.027	179.21	177.858	-120.325	-161.882	161.65	179.733	61.264	-175.04	175.504	-64.107	
26	-6.52549	-84.249	151.014	178.847	177.64	73.605	178.639	-165.726	73.234	-177.753	66.388	-93.663	-178.516	-93.883	-15.537	-179.873	72.129	-94.926	-71.384	-43.638	176.798	-66.443	-179.611	-177.596	-58.625	
27	-6.36349	-81.61	14.579	-163.604	66.592	-85.251	-20.78	78.271	-161.949	-179.592	64.438	-106.889	178.919	-86.138	-19.815	179.686	-174.706	-115.256	-125.651	77.817	179.61	-62.273	-175.809	-176.981	-57.346	
28	-6.26319	-48.929	-50.608	179.84	-179.755	-94.583	4.291	-70.45	-35.287	178.302	-75.908	-34.149	-179.831	-69.903	-40.548	175.802	179.58	-108.351	-85.534	-5.826	-179.705	-67.071	-177.665	175.014	-60.416	
29	-6.1904	-79.638	147.507	-177.999	176.755	64.54	-178.94	-62.115	147.703	-177.775	83.546	-62.515	175.064	-60.883	-34.262	178.688	173.726	-106.59	-146.681	141.234	179.975	-170.867	175.118	179.888	-60.015	
30	-6.18065	-92.879	44.777	176.295	-51.979	-64.524	0.388	80.708	-79.453	-179.393	-70.278	-40.29	177.333	-74.055	-32.387	-177.252	175.873	-107.485	-162.738	119.572	-178.013	-171.029	70.629	-179.027	-179.87	
31	-5.98053	-42.338	-45.611	179	-179.769	-99.368	0.826	-80.346	70.467	-173.241	76.638	-70.043	172.955	-144.305	21.978	-172.206	57.333	-84.859	-111.32	119.782	-178.744	-62.837	-178.432	-175.694	-57.397	
32	-5.92717	-37.815	-36.115	-177.953	-177.54	-96.1	178.825	-168.132	76.852	177.732	68.885	-94.188	-179.833	-92.848	-15.394	175.133	73.867	-94.537	-73.698	132.303	-178.856	-65.375	-176.703	-177.078	-57.296	
33	-5.92333	82.133	-31.417	-178.456	-173.59	-87.371	3.001	83.815	46.448	178.648	175.092	-74.777	176.895	-69.659	-30.564	-179.738	177.229	-115.98	-162.848	168.358	179.503	59.723	-175.128	177.057	-60.95	
34	-5.88476	68.814	12.58	-173.897	-167.161	-110.919	3.479	-62.009	-31.565	-178.086	-62.347	-34.82	-179.057	-88.146	-40.709	178.134	-63.192	-81.536	-159.209	123.329	-179.128	-170.201	-92.097	178.442	179.756	
35	-5.86409	-159.842	-40.013	175.455	-63.471	-64.383	-0.829	59.336	-106.48	-173.108	-73.495	-25.305	-177.619	-72.083	-22.318	169.772	-176.653	-112.555	-134.258	82.848	-177.851	-66.857	-175.733	-172.447	-58.32	
36	-5.73754	-93.867	152.727	-170.46	64.411	-85.618	-178.73	-91.96	65.052	177.24	65.871	-92.608	176.758	-83.504	-32.743	-176.513	-179.141	-99.353	-77.425	112.15	-178.296	-172.657	176.654	179.667	-60.046	
37	-5.72884	-85.88	155.315	178.767	176.719	68.157	-23.237	-171.53	78.983	-173.779	77.737	-64.593	169.771	-117.548	-50.577	-178.953	-60.735	97.892	-139.724	151.358	-179.126	-66.878	-173.74	-179.364	-59.953	
38	-5.58485	69.509	11.418	-176.634	-169.738	68.853	-5.014	-63.408	-28.362	179.117	-62.799	-25.826	-178.876	-113.189	19.46	-178.084	-53.705	-79.586	-160.809	101.235	-178.949	-171.003	71.24	-179.352	60.086	
39	-5.56789	-82.031	144.382	179.959	178.81	71.154	-35.981	-148.428	66.825	178.453	66.265	-93.01	176.657	-82.693	-30.976	-174.661	179.036	80.415	-75.673	-40.754	172.169	-66.311	-71.362	-85.189	-178.975	
40	-5.54609	-167.697	-25.357	-174.836	55.677	-90.045	1.304	-86.258	64.372	-179.375	63.225	-101.523	177.253	-75.848	-32.392	-179.778	-179.599	-99.57	-75.044	132.527	-179.157	-173.122	-93.724	179.303	-59.688	
41	-5.49503	-37.697	-40.019	-178.265	-175.034	-95.125	-0.155	-64.297	107.292	-178.141	75.863	39.974	-179.426	-155.564	-49.385	175.277	173.48	-122.704	-135.937	-5.773	177.848	-78.366	179.644	174.495	-62.455	
42	-5.37532	-168.486	-32.757	-179.824	175.146	70.593	-1.122	78.135	-74.105	-179.258	64.599	-99.453	176.336	-73.958	-33.303	-177.349	178.989	-100.913	-86.353	132.916	-178.486	-64.155	-178.293	-179.413	60.049	
43	-5.32901	-89.579	156.056	178.349	-178.198	-98.163	-176.701	79.978	34.91	-178.191	163.583	-57.317	175.177	-74.247	-33.42	179.047	177.35	-118.729	-162.479	175.985	-179.851	59.63	-175.606	178.835	-59.648	
44	-5.27898	-84.065	145.545	176.2	174.889	-100.542	151.336	-160.07	77.372	-169.701	83.38	-55.277	172.558	-136.51	176.413	172.883	64.534	-86.666	-152.744	133.141	179.893	-169.222	70.447	179.233	-60.158	
45	-5.27768	-80.666	126.776	176.777	169.544	55.088	-178.234	55.986	41.088	-176.047	75.002	-74.405	178.835	-143.987	32.148	-177.617	-57.277	100.279	-78.948	-37.749	178.562	-171.483	174.426	175.795	59.606	
46	-5.1759	-37.794	-42.297	-174.498	-176.696	-87.085	2.753	-71.77	90.971	-178.874	149.904	-61.309	171.433	-70.213	-30.906	173.302	177.662	-119.822	-134.767	175.409	-179.545	-70.938	177.991	82.509	-62.499	
47	-5.16202	-85.3	151.605	179.343	174.928	-107.894	2.935	-80.22	68.182	-179.679	-91.264	-11.739	-177.771	-138.591	20.235	-175.235	57.318	-84.708	-166.409	-13.266	178.84	56.071	179.417	179.356	61.485	
48	-5.14308	-84.003	156.204	-179.523	-166.403	86.167	-155.854	-165.983	84.89	-177.992	77.762	-65.654	170.723	-123.328	-48.536	175.654	-61.028	98.326	-137.486	-37.392	179.15	-66.217	-174.31	-179.468	-59.923	
49	-5.03356	-83.361	154.919	175.599	-60.745	101.208	-0.155	-76.736	72.623	-174.361	77.799	-69.399	176.153	-143.018	18.929	-168.029	60.118	-83.783	-116.878	124.248	179.871	-62.659	-179.232	84.968	58.772	
50	-5.02925	-95.796	167.287	-179.138	66.662	-86.714	1.465	171.962	74.652	176.945	66.189	-97.396	177.527	-69.64	-28.247	176.689	72.016	-94.756	-81.371	133.038	-178.916	-173.645	179.058	176.361	-60.546	
51	-5.0285	-91.406	38.339	-171.87	-59.077	-76.264	179.927	-59.532	-35.383	-176.231	-68.124	-33.602	-173.521	-89.138	-34.463	-177.919	-61.441	102.309	-160.68	156.535	-179.165	55.261	179.312	177.544	178.472	
52	-5.01797	-88.993	158.442	175.597	-175.134	78.334	1.102	65.168	-100.157	178.284	-68.005	-25.817	176.031	-119.018	45.671	176.548	-54.447	99.27	-71.828	-46.662	179.108	-169.287	71.409	179.547	-179.941	
53	-4.98452	-156.954	-36.975	177.531	176.313	78.785	-1.04	-177.488	139.375	178.838	78.052	-75.034	-176.387	-74.829	-20.946	172.373	69.058	-96.231	-157.537	127.578	179.666	-176.072	174.974	179.534	179.925	
54	-4.90993	-38.794	-35.697	-178.32	-53.477	123.24	-179.898	-152.742	40.852	172.432	77.466	-75.33	-177.26	-77.649	-8.375	173.305	69.222	-96.691	-137.505	153.436	-175.972	56.294	175.187	-178.503	-179.624	
55	-4.78792	-83.692	160.46	-174.168	60.86	90.701	174.399	-76.973	84.076	175.665	-168.995	-120.331	-178.81	-69.927	-29.748	-177.022	176.78	-106.221	-151.206	112.244	-178.796	-175.662	172.964	79.155	-65.369	
56	-4.59248	-159.245	-33.753	177.317	-61.433	-87.167	-179.901	80.158	-73.287	-172.73	-66.33	-44.335	-176.705	-68.823	-41.419	176.252	175.525	-128.919	-165.006	-18.334	179.557	60.24	-175.559	178.224	-63.561	
57	-4.57638	-37.477	-35.513	-178.831	-174.654	-90.844	1.034	-171.904	67.021	178.242	69.128	-90.452	-177.606	-92.463	-15.974	-179.32	71.886	-95.074	-70.464	-39.078	176.508	-67.033	-179.52	-177.308	-58.821	
58	-4.47161	-82.949	147.453	176.566	-68.653	104.755	-0.54	-78.332	71.007	173.654	74.576	-82.03	-167.815	-95.951	-10.91	-172.86	68.241	-95.399	-73.457	160.368	-179.29	-65.702	178.642	-175.374	-59.934	
59	-4.30158	-83.778	152.078	177.636	-62.209	114.659	179.808	-178.275	141.478	177.132	76.933	-76.082	-177.076	-76.744	-16.037	174.526	68.709	-96.2	-152.681	143.47	179.886	179.484	169.663	170.177	178.769	
60	-4.24992	52.886	14.462	-176.47	58.73	89.505	-156.799	75.951	-166.193	177.6	65.911	-105.691	-179.075	-97.434	-11.461	-176.229	-177.806	-108.36	50.684	-147.1	178.458	-54.26	100.786	-179.39	-55.812	
61	-4.24543	174.146	-6.071	175.666	59.719	-85.158	-0.639	135.085	-24.854	-178.399	80.212	-70.543	179.283	-76.955	-22.54	-175.66	68.661	-97.624	-69.005	119.54	-178.36	-172.469	175.934	179.641	-60.049	
62	-4.1816	-75.027	155.182	177.457	60.567	88.021	-7.579	52.455	-125.013	176.713	-105.3	5.239	-178.482	-83.549	-33.417	174.07	-172.821	83.285	-156.38	-48.066	176.672	-129.234	-67.872	179.222	179.934	
63	-4.13483	-89.11	161.869	175.34	-175.471	-101.526	179.749	76.247	-84.065	-175.354	-72.799	-37.423	-179.446	-82.141	-25.639	179.173	-61.749	101.711	-72.93	126.976	-178.464	-175.536	167.409	73.706	171.133	
64	-4.08831	-111.666	95.258	175.388	-58.849	107.761	-179.628	64.894	-101.871	-178.337	-75.859	-27.177	-178.75	-81.615	-16.864	-178.839	-178.983	78.812	-65.319	128.538	-178.381	-169.672	176.174	-179.792	-179.974	
65	-4.08635	86.619	-35.401	179.403	-179.083	68.619	-178.838	69.913	-152.129	177.71	65.37	-99.577	179.1	-85.964	-27.514	-176.934	-58.638	-70.451	-88.986	139.477	-178.761	-63.713	-176.681	-172.928	61.118	
66	-4.05326	-93.173	150.461	-175.272	55.933	-89.334	-178.612	-81.243	74.413	167.297	71.359	-86.398	-172.008	-88.011	-14.437	-178.354	-57.472	-73.697	-69.323	142.177	-178.493	-68.058	178.974	-176.686	-59.562	
67	-3.70842	-88.246	104.12	172.887	169.493	42.28	-0.94	56.918	-136.453	173.25	-101.775	10.72	-177.59	-88.773	-30.364	175.58	-54.283	103.696	-150.345	136.149	-179.598	-168.176	70.939	-178.925	-179.854	
68	-3.11921	-93.73	147.186	-171.508	61.89	95.004	0.777	-89.573	63.65	179.595	80.561	-69.887	-176.267	-147.617	45.434	174.263	-58.407	-78.865	-160.871	-16.586	176.459	56.09	177.798	-179.796	-59.608	
69	-3.02346	-177.583	-26.528	-178.238	65.145	96.794	4.288	144.468	168.694	177.812	63.235	-102.233	-179.87	-83.059	-24.413	178.504	-61.081	-71.975	59.345	-159.091	179.023	-145.721	-175.654	-179.091	59.958	
70	-2.99405	169.94	51.436	179.53	-60.842	118.56	179.548	69.996	37.494	-177.103	163.8	-57.347	170.307	-66.268	-36.475	176.108	174.178	75.944	-154.386	140.407	179.997	-167.322	70.957	-178.975	-179.866	
71	-2.97864	-77.502	157.928	174.919	63.751	90.129	-3.765	68.875	26.889	174.107	81.377	-70.048	-169.304	-64.13	-42.345	-178.207	177.096	-122.919	-94.866	162.208	179.74	-58.725	-172.998	-178.226	-59.494	
72	-2.94019	70.812	67.379	179.91	-60.044	-66.839	0.992	73.992	44.033	179.609	78.09	41.913	177.463	-150.876	144.867	-175.571	177.613	-112.514	-69.777	-46.088	178.998	-172.358	175.715	179.828	179.977	
73	-2.80206	-163.422	-35.369	-174.146	-62.594	-75.688	-0.415	73.677	-79.564	177.21	-83.427	65.393	-175.46	-77.163	-30.336	-178.506	-176.284	-113.259	-162.531	-10.179	179.961	58.575	-176.999	177.041	-60.416	
74	-2.79778	87.294	-36.731	178.756	-178.663	-97.376	179.288	-171.145	54.361	177.472	64.299	-98.541	176.609	-67.746	-34.266	179.743	177.844	-99.156	-80.979	-21.795	170.854	-64.675	-71.026	-179.174	60.662	
75	-2.6649	-84.417	146.936	-176.735	-69.982	-96.596	177.791	145.808	81.094	175.327	84.008	-63.794	-179.538	-65.745	-26.398	175.297	-61.069	-69.543	-148.942	141.981	-178.932	-169.4	179.49	-177.134	61.31	
76	-2.62168	75.055	2.661	-177.959	-173.144	69.89	-178.877	-140.366	176.768	-178.737	67.442	-100.239	174.614	-79.373	-31.337	-177.884	-179.181	-103.928	-95.925	175.963	178.724	-62.561	-177.227	-179.362	60.028	
77	-2.58747	78.453	-43.299	173.419	176.704	-132.366	16.863	79.786	26.158	172.288	62.871	-98.588	-177.48	-69.79	-26.549	-178.621	70.582	84.369	-72.775	146.088	179.507	-170.971	174.161	179.742	-60.022	
78	-2.58135	65.331	29.289	-176.266	-57.406	-69.592	-0.042	141.816	-27.51	-178.567	97.591	-55.736	162.455	-62.461	-21.024	167.357	64.743	-97.372	-126.1	138.07	-178.47	-170.978	-179.165	175.694	-60.598	
79	-2.53791	-82.334	150.988	176.511	-63.889	100.673	179.06	-82.26	67.064	-173.408	88.259	-55.956	176.715	-152.104	-50.954	175.549	172.38	75.961	-58.018	150.694	-179.095	69.543	-167.528	178.88	59.492	
80	-2.49168	-90.84	37.396	-175.854	-61.888	110.183	-179.726	-67.767	94.61	177.284	85.415	14.671	179.678	-86.867	-35.865	-176.045	-178.959	84.434	-80.831	134.18	-178.567	-64.82	-72.17	178.708	59.908	
81	-2.39941	-94.424	165.073	178.403	58.56	84.996	-1.861	-174.594	167.078	176.409	75.686	-78.452	-177.772	-74.925	-22.674	174.842	-179.324	-120.058	-131.221	159.886	-179.083	-68.536	-177.197	-178.453	-58.134	
82	-2.35583	-82.986	133.38	174.199	171.002	75.978	178.759	58.034	33.96	179.621	68.88	-85.362	-173.279	-89.709	-19.873	-172.696	-178.375	78.104	-81.452	10.606	-178.958	-63.213	-179.652	-178.47	60.174	
83	-2.27719	-85.212	158.523	177.487	-63.133	108.114	179.836	-172.339	155.526	175.847	74.427	-81.087	-175.445	-79.022	-20.918	-177.071	-179.471	77.063	-147.931	144.88	179.909	-179.03	171.594	171.608	179.344	
84	-2.25034	67.411	59.171	171.928	-63.513	103.112	0.712	69.684	15.203	179.34	70.137	18.948	178.044	-93.75	-28.176	177.231	-53.686	134.909	-161.878	2.481	177.75	59.591	-178.038	-176.739	61.643	
85	-2.12762	67.821	87.165	176.221	-64.99	96.345	0.776	72	13.971	-179.911	77.357	9.751	-177.696	-98.124	-14.754	179.325	-52.16	130.352	-158.128	-39.758	178.519	-175.797	175.024	178.465	179.76	
86	-1.98733	-88.839	29.112	-173.58	57.313	96.836	-1.11	153.198	-36.965	-178.258	90.162	25.64	175.75	-156.916	162.819	-177.883	51.682	-97.183	-68.253	-62.802	179.172	-70.481	-73.436	178.841	-60.146	
87	-1.95699	-85.673	158.83	170.081	67.563	92.431	-2.791	66.974	18.947	177.495	89.657	-8.876	-168.792	-86.419	-34.549	175.599	-50.468	133.111	-141.319	153.469	-179.812	-71.756	-168.235	85.721	179.562	
88	-1.88893	69.656	72.946	-179.639	-60.582	-79.955	0.238	77.034	38.526	-179.978	71.35	35.105	-178.076	-156.948	159.26	171.527	175.078	-101.543	-154.912	139.717	-179.591	-172.856	169.501	79.573	175.943	
89	-1.86515	-83.756	156.795	176.931	-62.885	93.232	179.799	-82.718	61.736	-166.715	78.849	-73.761	-178.759	-149.716	52.73	174.077	-60.224	-78.73	-159.514	-21.649	176.053	59.522	-178.041	-178.31	58.368	
90	-1.75221	-169.985	-24.11	-179.168	-61.123	-68.929	-1.335	75.582	-73.318	177.525	-169.019	49.573	166.569	-90.351	-39.425	179.193	-53.641	-41.99	-90.146	142.055	-178.988	-66.63	-178.206	171.773	-63.976	
91	-1.73814	-65.062	71.572	179.329	-63.972	85.859	-179.046	68.152	31.594	179.188	108.189	-36.115	-178.003	-74.639	147.265	-177.698	-179.562	-116.567	-63.184	-24.056	179.347	70.63	-168.173	177.997	58.55	
92	-1.40688	70.734	-4.741	-175.973	63.433	81.812	179.967	-164.769	44.669	173.613	63.919	-94.307	-177.237	-80.275	-21.542	178.177	-179.499	-106.285	53.823	43.974	-178.424	-59.814	178.488	-85.337	-60.239	
93	-1.09768	52.587	16.068	-177.802	58.227	89.558	15.523	77.088	-170.667	-177.984	64.79	-106.783	176.747	-90.296	-21.954	-178.174	-56.719	-74.056	56.359	-155.985	178.981	-147.958	-179.348	-178.714	60.006	
94	-1.04087	-95.248	161.258	176.74	65.941	-87.393	178.286	170.946	57.477	176.922	89.348	-56.876	-178.841	-58.327	-28.682	174.637	67.693	-95.273	-87.932	124.702	-178.478	-171.063	172.158	179.314	-60.098	
95	-0.127468	-39.374	-31.958	-179.005	-53.757	121.573	-179.438	-146.264	57.621	175.779	75.639	-80.797	-177.05	-86.037	-45.514	177.982	-59.092	106.009	-81.437	148.274	-174.915	74.633	-164.407	85.949	60.682	
96	1.38666	-85.739	160.797	-179.352	-61.272	-78.995	0.913	85.617	176.821	-179.101	72.977	-78.086	-177.723	-85.353	-32.445	-179.642	-58.033	-73.359	-158.399	122.519	179.469	-172.01	69.854	-178.873	60.147	
97	1.68175	-103.578	166.117	175.899	65.443	-86.952	178.428	-170.233	47.176	-173.992	66.188	-95.572	172.576	-84.722	-30.53	179.557	-58.942	-72.475	56.534	-154.269	178.827	-147.328	-176.603	-176.127	60.365	
98	2.26623	-156.619	-33.519	176.745	-51.176	-69.359	178.854	-162.553	-139.353	177.557	-59.408	128.147	-174.355	47.179	50.203	-178	-52	104.476	55.135	-100.726	177.188	-167.275	74.323	-177.727	60.36	
99	10.3312	60.041	5.05	-174.874	56.835	83.46	-2.776	60.088	-98.904	173.947	-146.499	31.968	-178.184	55.634	-173.982	174.66	-45.148	-68.604	55.078	64.778	-1.035	-162.316	74.076	85.304	-60.733	
100	86151.4	-79.732	-142.998	96.033	-168.208	3.668	-99.158	-158.587	93.051	-110.755	44.42	127.196	97.568	55.699	-121.784	-83.141	-74.093	1.141	128.255	-135.77	-179.748	-77.617	144.555	-176.568	-58.947	
