1	-10.2817	-84.074	152.346	-179.093	179.361	-112.601	146.491	-159.255	69.111	177.464	66.246	-94.646	176.772	-77.75	-32.754	-177.107	178.974	80.224	-79.024	141.973	-178.848	-65.421	-179.208	-179.319	-59.935	
2	-10.2474	-84.294	151.4	179.195	176.492	-108.726	149.161	-162.398	76.579	178.364	70.142	-91.471	178.132	-99.374	-14.506	175.543	72.887	-94.027	-74.603	132.485	-178.933	-64.831	-176.658	-177.151	-57.228	
3	-10.1514	-82.399	154.224	-176.97	-167.483	87.273	-146.367	-157.954	78.639	173.834	66.74	-95.639	177.584	-77.797	-32.635	-176.965	178.966	-99.844	-78.995	134.017	-178.397	-65.54	-179.26	-179.356	-59.943	
4	-10.1337	-84.081	152.034	-179.478	178.827	-111.272	146.351	-159.71	70.739	177.392	66.853	-94.693	177.676	-81.608	-26.9	-179.247	72.593	-95.335	-77.987	131.656	-178.919	-171.335	176.595	179.481	179.904	
5	-9.99163	-82.864	155.212	-177.345	-167.185	87.853	-145.495	-160.526	79.675	174.517	66.938	-96.549	177.027	-78.738	-32.777	179.874	-179.36	80.461	-72.234	129.09	-178.388	-173.732	176.547	178.872	179.818	
6	-9.82545	-84.083	152.589	-179.342	179.036	-112.119	146.633	-160.177	70.486	177.372	66.548	-95.175	176.848	-78.491	-32.39	-177.045	179.362	80.434	-79.075	142.993	-178.878	-65.834	179.862	-84.074	-58.136	
7	-9.7682	-84.079	152.534	-179.051	179.28	-112.728	146.691	-159.541	69.297	177.358	66.267	-94.803	176.756	-77.639	-33.151	-176.775	178.596	-98.824	-79.958	144.467	-178.877	-65.316	-71.268	179.433	60.421	
8	-8.88762	-81.835	145.787	-177.538	178.953	-119.103	153.682	-149.14	54.223	173.514	78.655	-77.501	-172.01	-70.828	-33.234	-177.899	178.207	-116.447	-160.939	168.563	179.094	60.934	-175.445	177.161	-60.391	
9	-8.54718	-82.43	154.172	-176.996	-167.326	87.306	-148.41	-158.475	79.03	174.214	68.55	-91.711	178.106	-87.531	-27.28	-179.171	-58.106	106.896	-77.945	133.722	-178.467	-66.378	177.542	82.703	-62.841	
10	-8.50558	-84.464	151.951	-179.707	178.061	-111.422	147.883	-160.14	72.205	177.198	67.234	-93.124	177.682	-85.061	-28.796	179.226	-58.687	-72.635	-73.674	130.583	-178.861	-171.248	69.903	-178.779	60.165	
11	-8.20927	-82.767	149.71	178.56	179.054	-100.818	-1.653	-170.659	46.816	174.902	78.198	-73.786	-178.279	-77.833	-8.584	173.493	68.672	-96.799	-138.66	166.388	-179.257	60.137	177.531	-179.74	-60.027	
12	-8.20055	-81.943	152.386	-178.031	-166.925	-91.106	31.281	-159.422	79.513	176.935	70.781	-87.629	179.162	-105.409	-12.426	-176.345	69.204	-93.892	-73.786	-45.672	178.187	-66.485	179.061	-177.698	-58.901	
13	-7.91733	-75.624	107.791	-173.286	178.209	-102.99	36.149	-93.604	66.505	169.943	80.207	-70.35	-177.838	-89.079	-38.117	-172.532	178.07	-111.145	-158.519	148.894	175.662	-171.65	172.385	-179.99	179.989	
14	-7.75372	-84.363	151.649	179.321	177.501	-105.365	1.052	-166.504	76.586	-179.07	67.488	-95.907	179.808	-92.618	-15.038	173.653	74.466	-94.386	-74.907	133.366	-178.847	-64.736	-175.925	-176.917	-56.797	
15	-7.6818	-82.476	144.534	179.868	178.361	-109.046	145.091	-149.109	67.267	178.015	67.301	-92.263	177.211	-87.099	-25.795	-177.051	71.964	-95.483	-74.942	-47.048	174.417	-170.563	176.8	179.67	-60.038	
16	-7.6597	-84.12	153.65	-179.486	-179.762	72.132	-179.872	-167.158	71.026	-179.661	63.965	-99.599	177.436	-70.041	-33.607	-178.582	178.378	80.249	-79.462	146.962	-178.796	-66.104	179.925	-84.732	61.251	
17	-7.60691	-174.174	-22.548	179.643	55.655	88.286	4.299	-128.767	54.841	178.319	67.407	-93.514	178.022	-83.473	-27.106	-178.649	-58.607	-72.16	-82.573	120.823	-177.688	-64.128	-178.437	-179.282	-59.935	
18	-7.51173	81.248	-9.913	177.234	174.431	59.933	-147.167	75.366	28.672	172.577	77.564	-76.576	-176.2	-92.72	-42.466	-175.333	177.204	71.382	-162.909	142.066	-177.417	-171.507	174.204	-179.891	-60.009	
19	-7.50611	-179.732	-16.916	178.506	61.163	88.895	-3.679	69.248	-91.219	175.996	-145.327	30.672	176.498	-71.766	-29.844	179.566	179.053	79.265	-72.484	129.015	-178.35	-68.996	178.677	178.082	-61.669	
20	-7.50368	-85.7	155.392	179.668	177.921	66.436	-25.099	-169.602	75.676	-175.753	73.09	-73.998	170.088	-97.736	-45.404	-175.745	176.372	70.714	-163.274	144.422	-179.509	-171.497	173.85	179.941	59.973	
21	-7.49203	67.663	17.847	178.144	-170.332	-113.789	-176.168	58.542	40.387	-179.139	78.18	-71.287	-177.763	-143.614	23.149	-172.052	56.802	95.47	-89.841	111.581	-178.013	-169.886	177.552	179.82	-60.029	
22	-7.48157	-84.015	152.453	-179.715	179.491	-108.073	0.042	-165.668	70.819	-179.815	65.458	-94.886	178.487	-79.593	-27.84	179.293	-59.303	-71.386	-79.107	144.119	-178.879	-65.289	-179.428	-179.187	-59.922	
23	-7.34311	-78.096	169.026	-177.527	62.637	89.09	-177.759	-63.606	94.183	-174.815	146.547	-36.224	175.488	-109.439	-49.142	-176.495	167.267	-113.653	-160.026	119.484	179.881	-175.459	169.416	75.89	-67.425	
24	-7.30072	-157.728	143.893	-179.913	178.361	71.62	-35.865	-147.942	67.044	178.377	66.446	-92.997	176.782	-83.444	-30.01	-175.408	-179.982	-99.779	-74.864	-43.147	172.831	-66.28	-179.717	-179.217	60.085	
25	-7.11004	68.442	13.465	-173.836	-167.321	-111.011	4.169	-65.843	-24.018	-179.505	-64.453	-30.055	-175.379	-89.207	-22.646	179.137	-67.291	-89.236	-69.463	130.699	-178.416	-69.198	-177.394	-173.262	-55.425	
26	-7.0714	-83.965	152.376	178.607	179.155	-109.779	150.53	-165.408	71.365	-173.578	75.541	-68.143	171.176	-73.949	155.809	-179.901	-179.174	-107.98	-57.541	120.574	-178.607	-174.869	172.879	80.396	-64.079	
27	-7.04732	-81.337	145.818	178.247	-166.826	95.686	-151.051	-159.565	83.666	-171.394	80.889	-55.014	168.764	-127.932	167.523	-178.926	58.33	-89.922	-78.961	-60.974	179.701	-171.144	176.084	-179.701	-59.99	
28	-6.83572	-163.717	-38.489	179.308	-178.382	92.133	-0.634	-160.254	63.09	177.839	65.529	-98.008	177.309	-70.788	-27.904	178.541	72.567	-94.685	-82.118	-39.563	168.33	-169.747	171.285	174.875	179.741	
29	-6.82631	175.533	-8.418	176.047	62.199	-84.992	-166.639	81.673	-143.211	179.869	65.964	-98.264	177.137	-86.35	-27.064	179.813	-58.286	107.144	-74.836	128.87	-178.608	-172.731	177.177	179.513	179.947	
30	-6.81939	-80.449	149.237	-178.171	178.015	64.214	-178.971	-64.426	148.358	-178.876	83.422	-63.125	173.349	-57.663	-38.336	172.723	173.067	-120.949	-136.594	162.646	-179.681	-76.222	-179.371	172.591	-62.887	
31	-6.70256	-175.585	123.134	175.399	49.869	-84.051	175.829	58.365	-109.755	-173.589	-79.707	-27.88	-176.977	-69.889	-42.24	178.154	179.213	80.681	-164.653	135.587	-178.773	-172.238	175.39	179.863	179.986	
32	-6.64024	-83.069	155.41	175.122	-59.958	101.772	-0.172	-76.664	73.027	-172.051	77.855	-70.855	173.243	-143.05	19.65	-171.181	57.706	-85.519	-108.085	122.217	179.95	-63.239	-179.332	-176.101	-57.837	
33	-6.5421	-88.412	160.479	179.234	-168.965	82.143	3.307	102.427	149.967	-179.818	76.339	-75.836	-176.899	-78.503	-20.013	172.385	71.003	-95.314	-156.553	127.639	178.914	-171.406	-179.632	177.991	179.894	
34	-6.53069	-86.468	26.723	-174.919	49.579	-90.817	2.712	85.306	153.41	179.639	75.319	-75.376	-177.214	-72.048	-37.027	179.21	177.858	-120.325	-161.882	161.65	179.733	61.264	-175.04	175.504	-64.107	
35	-6.52946	-84.748	22.818	-174.474	48.943	-94.106	-0.013	72.833	-167.184	178.167	63.439	-102.032	-178.683	-85.88	-20.834	176.479	-177.859	-120.852	-133.73	80.045	178.624	-64.591	-170.977	-177.29	-57.334	
36	-6.52549	-84.249	151.014	178.847	177.64	73.605	178.639	-165.726	73.234	-177.753	66.388	-93.663	-178.516	-93.883	-15.537	-179.873	72.129	-94.926	-71.384	-43.638	176.798	-66.443	-179.611	-177.596	-58.625	
37	-6.46796	-165.851	-36.265	-179.618	-179.498	86.631	-0.817	-167.853	66.563	175.57	64.774	-96.869	175.348	-63.088	-35.497	177.218	177.047	-100.525	-79.733	-40.225	167.432	-65.235	-178.648	-179.334	60.079	
38	-6.30377	-94.111	144.346	-178.478	56.067	-88.74	174.043	61.985	-99.688	173.106	-143.859	30.001	-178.375	-79.998	-38.591	179.955	-178.967	79.352	-82.96	135.531	-178.644	-66.964	-179.874	-178.917	-60.147	
39	-6.27057	-50.431	-51.379	-179.922	179.462	-95.112	-177.949	-70.432	-35.462	178.328	-76.089	-34.044	-179.695	-70.009	-40.542	175.992	179.554	-108.752	-85.675	-6.581	-179.693	-66.966	-177.795	175.192	-59.874	
40	-6.24721	-38.8	-36.53	-178.536	-177.456	-95.816	178.83	-168.333	70.932	175.944	66.584	-96.256	177.209	-72.338	-30.54	178.548	-178.304	-99.336	-78.022	133.582	-178.799	-64.7	-177.998	-175.934	-57.443	
41	-6.18065	-92.879	44.777	176.295	-51.979	-64.524	0.388	80.708	-79.453	-179.393	-70.278	-40.29	177.333	-74.055	-32.387	-177.252	175.873	-107.485	-162.738	119.572	-178.013	-171.029	70.629	-179.027	-179.87	
42	-5.98055	-42.138	-45.497	178.976	-179.775	-99.419	0.831	-80.346	70.458	-173.237	76.635	-70.015	172.984	-144.312	21.993	-172.2	57.325	-84.858	-111.343	119.592	-178.741	-62.854	-178.433	-175.628	-57.435	
43	-5.93627	-37.616	-39.658	-178.17	-175.647	-95.095	170.016	-64.242	107.826	-178.289	75.737	39.769	-179.5	-155.513	-49.482	175.275	173.461	-122.615	-136.142	-2.754	177.958	-78.289	179.797	174.517	177.566	
44	-5.92333	82.133	-31.417	-178.456	-173.59	-87.371	3.001	83.815	46.448	178.648	175.092	-74.777	176.895	-69.659	-30.564	-179.738	177.229	-115.98	-162.848	168.358	179.503	59.723	-175.128	177.057	-60.95	
45	-5.86431	-159.836	-39.982	175.437	-63.491	-64.394	-0.829	59.325	-106.454	-173.103	-73.489	-25.33	-177.593	-72.096	-22.354	169.771	-176.666	67.42	-134.217	82.807	-177.855	-66.842	-175.738	-172.434	-58.317	
46	-5.72948	-86.154	155.325	178.749	176.729	-111.825	156.763	-171.548	79.004	-173.779	77.74	-64.597	169.774	-117.548	-50.574	-178.951	-60.727	97.856	-139.729	151.403	-179.122	-66.877	-173.741	-179.365	-59.937	
47	-5.70229	-87.119	157.557	-179.585	-173.326	-95.119	-171.973	97.451	133.547	-179.113	77.782	-70.39	-179.298	-67.754	-32.576	-179.654	177.296	-116.478	-160.206	158.317	-177.149	59.103	-175.158	176.276	-57.596	
48	-5.61864	179.814	-17.596	-179.732	55.447	86.287	-2.835	70.095	-89.335	173.858	-144.466	27.543	178.046	-81.759	-30.395	-179.817	-179.084	-100.378	-69.753	-44.5	178.272	-172.087	175.68	179.935	-59.971	
49	-5.58485	69.509	11.418	-176.634	-169.738	68.853	-5.014	-63.408	-28.362	179.117	-62.799	-25.826	-178.876	-113.189	19.46	-178.084	-53.705	-79.586	-160.809	101.235	-178.949	-171.003	71.24	-179.352	60.086	
50	-5.54611	-167.784	-25.295	-174.843	55.653	-90.061	1.312	-86.304	64.375	-179.401	63.252	-101.556	177.236	-75.788	-32.403	-179.756	-179.568	-99.573	-75.077	132.58	-179.17	-173.163	-93.764	179.306	-59.679	
51	-5.53671	-86.135	154.843	178.414	175.34	-110.076	156.899	-171.374	81.978	-174.625	78.275	-64.567	169.555	-119.795	-53.428	176.694	169.065	55.333	-136.833	-31.422	179.389	-74.038	-71.404	174.842	-60.521	
52	-5.4933	-80.629	147.089	-178.09	176.359	-115.61	1.392	-62.795	146.215	-178.477	86.167	-61.961	173.249	-61.307	-32.803	171.048	175.361	57.942	-130.446	156.911	-179.429	-66.754	178.668	83.464	57.637	
53	-5.49054	-165.964	157.421	176.537	59.691	89.273	-8.248	54.516	-129.549	173.638	-109.615	13.639	-178.695	-87.176	-44.631	176.081	-178.248	80.999	-138.936	-42.048	176.565	-85.913	-73.16	177.469	-60.219	
54	-5.37533	-168.487	-32.757	-179.824	175.134	70.6	-1.122	78.133	-74.105	-179.254	64.601	-99.456	176.335	-73.962	-33.31	-177.356	178.997	-100.905	-86.347	132.914	-178.486	-64.163	-178.33	-179.389	60.044	
55	-5.32901	-89.579	156.056	178.349	-178.198	-98.163	-176.701	79.978	34.91	-178.191	163.583	-57.317	175.177	-74.247	-33.42	179.047	177.35	-118.729	-162.479	175.985	-179.851	59.63	-175.606	178.835	-59.648	
56	-5.27769	-80.665	126.838	176.769	169.514	55.093	-178.294	55.963	41.099	-176.021	74.99	-74.439	178.854	-143.955	32.108	-177.595	-57.25	100.226	-78.933	-37.765	178.559	-171.495	174.408	175.795	59.622	
57	-5.27736	-51.328	-48.619	177.295	-59.286	101.079	-179.107	-81.717	70.519	179.173	81.795	-72.619	-172.713	-144.888	23.158	-173.542	58.197	-84.114	-164.833	165.954	-179.273	52.074	175.244	177.954	-179.355	
58	-5.2157	-164.063	-37.844	179.797	-177.981	90.466	-0.749	-163.187	64.224	177.151	65.323	-98.327	177.078	-68.95	-28.349	178.082	72.978	-94.421	-81.508	-42.545	168.917	-165.918	71.122	-179.345	-179.871	
59	-5.16202	-85.3	151.605	179.343	174.928	-107.894	2.935	-80.22	68.182	-179.679	-91.264	-11.739	-177.771	-138.591	20.235	-175.235	57.318	-84.708	-166.409	-13.266	178.84	56.071	179.417	179.356	61.485	
60	-5.14309	-84.009	156.205	-179.523	-166.403	86.172	-155.903	-165.979	84.889	-177.998	77.766	-65.657	170.729	-123.336	-48.543	175.643	-61.033	98.331	-137.471	-37.401	179.15	-66.23	-174.326	-179.488	-59.948	
61	-5.06693	48.619	139.297	171.862	167.119	-122.875	-173.274	-98.884	-119.443	176.6	63.68	-107.687	178.249	-81.06	-27.9	-179.313	-56.082	-57.67	-80.93	133.915	-179.322	-173.591	176.37	178.919	-60.166	
62	-5.02926	-95.702	167.293	-179.146	66.659	-86.693	1.461	171.981	74.61	176.942	66.225	-97.333	177.525	-69.695	-28.24	176.726	72.034	-94.765	-81.404	133.066	-178.918	-173.64	179.041	176.351	-60.559	
63	-5.0285	-91.406	38.339	-171.87	-59.077	-76.264	179.927	-59.532	-35.383	-176.231	-68.124	-33.602	-173.521	-89.138	-34.463	-177.919	-61.441	102.309	-160.68	156.535	-179.165	55.261	179.312	177.544	178.472	
64	-5.02836	-84.602	162.847	-176.922	56.907	90.613	-176.665	-76.006	84.417	176.421	-172.655	-128.83	-178.065	-62.57	-31.761	-177.98	175.073	-106.37	-147.846	114.653	-178.705	-175.793	172.411	78.34	-66.181	
65	-5.01797	-88.993	158.442	175.597	-175.134	78.334	1.102	65.168	-100.157	178.284	-68.005	-25.817	176.031	-119.018	45.671	176.548	-54.447	99.27	-71.828	-46.662	179.108	-169.287	71.409	179.547	-179.941	
66	-4.98452	-156.954	-36.975	177.531	176.313	78.785	-1.04	-177.488	139.375	178.838	78.052	-75.034	-176.387	-74.829	-20.946	172.373	69.058	-96.231	-157.537	127.578	179.666	-176.072	174.974	179.534	179.925	
67	-4.93265	-89.615	104.615	172.674	169.099	-137.363	3.348	56.966	-136.379	173.496	-101.577	10.415	-177.705	-88.756	-30.449	175.855	-54.51	103.176	-150.832	139.46	-179.664	-170.684	175.819	179.76	179.965	
68	-4.90993	-38.794	-35.697	-178.32	-53.477	123.24	-179.898	-152.742	40.852	172.432	77.466	-75.33	-177.26	-77.649	-8.375	173.305	69.222	-96.691	-137.505	153.436	-175.972	56.294	175.187	-178.503	-179.624	
69	-4.76054	-93.882	152.871	-170.566	64.075	-85.781	-178.705	-91.672	65.242	177.102	65.771	-92.548	176.789	-83.137	-33.292	-175.77	-179.712	81.057	-78.425	112.324	-178.352	-171.177	70.419	-178.92	-59.866	
70	-4.59258	-159.292	-33.719	177.306	-61.437	-87.132	-179.885	80.166	-73.249	-172.747	-66.371	-44.388	-176.687	-68.789	-41.377	176.22	175.592	-128.828	-165.058	-18.291	179.551	60.254	-175.51	178.206	-63.572	
71	-4.57639	-37.475	-35.493	-178.805	-174.654	-90.871	1.031	-171.954	67.096	178.252	69.11	-90.51	-177.605	-92.44	-15.967	-179.256	71.882	-95.101	-70.454	-39.108	176.491	-67.066	-179.556	-177.284	-58.862	
72	-4.45513	-131.947	162.577	177.379	-174.572	-102.084	179.526	75.843	-81.325	179.525	-73.448	-37.931	177.219	-72.31	-34.206	-179.254	179.185	-101.957	-72.069	127.164	-178.344	-175.946	166.179	71.246	169.471	
73	-4.30158	-83.778	152.078	177.636	-62.209	114.659	179.808	-178.275	141.478	177.132	76.933	-76.082	-177.076	-76.744	-16.037	174.526	68.709	-96.2	-152.681	143.47	179.886	179.484	169.663	170.177	178.769	
74	-4.24996	52.883	14.464	-176.472	58.728	89.501	-156.809	75.987	-166.225	177.592	65.903	-105.72	-179.069	-97.396	-11.492	-176.222	-177.797	-108.397	50.692	-147.088	178.448	-54.267	100.823	-179.406	-55.82	
75	-4.08831	-111.666	95.258	175.388	-58.849	107.761	-179.628	64.894	-101.871	-178.337	-75.859	-27.177	-178.75	-81.615	-16.864	-178.839	-178.983	78.812	-65.319	128.538	-178.381	-169.672	176.174	-179.792	-179.974	
76	-4.08635	86.619	-35.401	179.403	-179.083	68.619	-178.838	69.913	-152.129	177.71	65.37	-99.577	179.1	-85.964	-27.514	-176.934	-58.638	-70.451	-88.986	139.477	-178.761	-63.713	-176.681	-172.928	61.118	
77	-4.04285	-47.883	-48.294	178.177	-58.226	102.067	-179.105	-84.46	65.586	-175.837	80.006	-73.896	-176.582	-146.675	38.431	177.914	-57.626	-79.219	-162.004	159.509	-179.34	51.173	172.445	179.738	179.884	
78	-3.86496	-174.932	57.531	-179.445	-56.645	-62.089	-0.202	74.362	-81.656	-177.858	-91.081	50.108	-174.405	-171.962	-48.537	177.338	171.195	77.591	-154.216	141.569	-179.658	-168.547	178.198	-81.757	-55.888	
79	-3.80799	51.376	17.548	-177.835	56.717	88.897	18.39	80.451	-175.257	178.636	63.972	-111.057	-179.172	-85.841	-17.834	-179.719	-179.64	-108.713	53.487	-150.516	178.733	-55.934	-178.358	179.428	-63.824	
80	-3.71731	-68.614	141.112	177.202	170.319	-117.289	4.389	-72.937	82.683	179.935	171.331	-46.802	-179.342	-140.821	27.417	178.479	-55.473	-73.378	50.665	-133.596	178.615	-57.48	-175.769	-179.594	-59.986	
81	-3.70842	-88.246	104.12	172.887	169.493	42.28	-0.94	56.918	-136.453	173.25	-101.775	10.72	-177.59	-88.773	-30.364	175.58	-54.283	103.696	-150.345	136.149	-179.598	-168.176	70.939	-178.925	-179.854	
82	-3.6295	-85.459	130.407	172.877	52.779	93.96	-8.752	61.804	28.45	174.029	99.948	-16.029	-176.185	-72.809	-26.351	-178.135	-172.889	-93.722	-160.201	142.485	179.896	-175.158	168.925	75.836	172.754	
83	-3.59028	-38.438	-40.294	177.547	-178.791	-98.996	0.273	179.134	54.603	179.551	66.39	-95.816	-177.036	-94.415	-14.717	-177.634	71.246	-95.084	-71.36	-32.2	177.414	-66.893	179.466	-177.725	-59.073	
84	-3.3045	-38.172	-36.976	-179.727	-177.424	-99.582	178.674	-149.538	41.559	173.912	78.847	-71.779	-176.875	-98.379	14.878	179.995	-54.481	103.791	-156.644	161.967	-178.442	60.506	-174.27	86.275	59.535	
85	-3.29674	-84.087	43.242	-179.751	-54.311	-66.823	1.618	75.569	83.529	-178.655	82.903	-66.525	175.703	-64.804	133.638	-176.892	175.605	-120.779	-86.023	-27.628	179.042	-64.979	-178.828	-179.58	59.925	
86	-2.99405	169.94	51.436	179.53	-60.842	118.56	179.548	69.996	37.494	-177.103	163.8	-57.347	170.307	-66.268	-36.475	176.108	174.178	75.944	-154.386	140.407	179.997	-167.322	70.957	-178.975	-179.866	
87	-2.97864	-77.502	157.928	174.919	63.751	90.129	-3.765	68.875	26.889	174.107	81.377	-70.048	-169.304	-64.13	-42.345	-178.207	177.096	-122.919	-94.866	162.208	179.74	-58.725	-172.998	-178.226	-59.494	
88	-2.73299	-36.885	-33.432	179.764	-173.057	-91.773	4.849	-72.312	77.273	-179.607	175.89	-54.473	178.575	-142.428	27.237	179.33	-56.735	-79.908	49.234	-118.07	178.113	-61.897	-174.986	178.474	-60.217	
89	-2.71877	44.613	149.57	-175.595	57.089	-92.894	-178.563	-79.983	77.786	166.08	67.324	-92.93	-174.217	-83.271	-17.061	177.25	-59.486	-75.945	-60.307	129.894	-178.234	-174.567	176.229	178.759	-60.159	
90	-2.66495	-84.126	146.832	-176.728	-69.957	-96.538	177.787	145.928	81.031	175.308	84.012	-63.773	-179.541	-65.788	-26.336	175.281	-61.039	-69.506	-148.948	141.996	-178.908	-169.414	179.455	-177.169	61.294	
91	-2.62168	75.055	2.661	-177.959	-173.144	69.89	-178.877	-140.366	176.768	-178.737	67.442	-100.239	174.614	-79.373	-31.337	-177.884	-179.181	-103.928	-95.925	175.963	178.724	-62.561	-177.227	-179.362	60.028	
92	-2.58747	78.453	-43.299	173.419	176.704	-132.366	16.863	79.786	26.158	172.288	62.871	-98.588	-177.48	-69.79	-26.549	-178.621	70.582	84.369	-72.775	146.088	179.507	-170.971	174.161	179.742	-60.022	
93	-2.39941	-94.424	165.073	178.403	58.56	84.996	-1.861	-174.594	167.078	176.409	75.686	-78.452	-177.772	-74.925	-22.674	174.842	-179.324	-120.058	-131.221	159.886	-179.083	-68.536	-177.197	-178.453	-58.134	
94	-2.25034	67.411	59.171	171.928	-63.513	103.112	0.712	69.684	15.203	179.34	70.137	18.948	178.044	-93.75	-28.176	177.231	-53.686	134.909	-161.878	2.481	177.75	59.591	-178.038	-176.739	61.643	
95	-1.95699	-85.673	158.83	170.081	67.563	92.431	-2.791	66.974	18.947	177.495	89.657	-8.876	-168.792	-86.419	-34.549	175.599	-50.468	133.111	-141.319	153.469	-179.812	-71.756	-168.235	85.721	179.562	
96	-1.75221	-169.985	-24.11	-179.168	-61.123	-68.929	-1.335	75.582	-73.318	177.525	-169.019	49.573	166.569	-90.351	-39.425	179.193	-53.641	-41.99	-90.146	142.055	-178.988	-66.63	-178.206	171.773	-63.976	
97	-1.40688	70.734	-4.741	-175.973	63.433	81.812	179.967	-164.769	44.669	173.613	63.919	-94.307	-177.237	-80.275	-21.542	178.177	-179.499	-106.285	53.823	43.974	-178.424	-59.814	178.488	-85.337	-60.239	
98	-1.09768	52.587	16.068	-177.802	58.227	89.558	15.523	77.088	-170.667	-177.984	64.79	-106.783	176.747	-90.296	-21.954	-178.174	-56.719	-74.056	56.359	-155.985	178.981	-147.958	-179.348	-178.714	60.006	
99	2.26623	-156.619	-33.519	176.745	-51.176	-69.359	178.854	-162.553	-139.353	177.557	-59.408	128.147	-174.355	47.179	50.203	-178	-52	104.476	55.135	-100.726	177.188	-167.275	74.323	-177.727	60.36	
100	75140.5	-154.337	-150.115	103.743	-163.422	5.63	-54.08	-154.043	88.943	-114.813	48.303	126.728	108.453	-92.7	-112.403	-145.818	-71.078	-69.608	-170.244	176.575	-179.863	-103.415	179.754	-178.87	-59.951	
