1	-11.7065	-83.302	155.785	-177.12	-173.195	-100.636	13.656	-154.286	85.889	168.517	82.96	-75.073	-169.955	-136.829	19.091	-174.086	58.86	-85.483	-163.44	160.811	-179.79	52.866	175.301	-179.865	-178.582	
2	-10.5529	-78.114	139.546	-167.129	-163.979	79.462	-156.198	-89.905	60.781	178.994	69.228	-86.467	174.986	-100.159	-25.536	-172.666	72.485	-93.746	-83.307	133.639	178.1	-169.46	176.292	-179.943	-60.014	
3	-10.2992	68.131	16.729	178.336	-170.264	-115.366	6.942	57.586	37.154	-179.44	81.552	-70.128	-172.968	-141.149	18.169	-168.084	57.714	93.906	-103.632	108.308	-179.504	-66.274	176.225	-174.335	-58.353	
4	-10.2817	-84.074	152.346	-179.093	179.361	-112.601	146.491	-159.255	69.111	177.464	66.246	-94.646	176.772	-77.75	-32.754	-177.107	178.974	80.224	-79.024	141.973	-178.848	-65.421	-179.208	-179.319	-59.935	
5	-10.2816	-81.995	145.18	-177.593	178.124	-119.541	155.66	-149.065	54.168	173.619	81.182	-70.958	-172.24	-118.091	12.874	-175.081	60.103	-90.012	-156.601	168.57	179.968	53.69	175.558	178.783	-58.423	
6	-10.2474	-84.294	151.4	179.195	176.492	-108.726	149.161	-162.398	76.579	178.364	70.142	-91.471	178.132	-99.374	-14.506	175.543	72.887	-94.027	-74.603	132.485	-178.933	-64.831	-176.658	-177.151	-57.228	
7	-10.1959	-84.2	153.351	-179.898	179.082	-109.187	143.97	-161.94	72.759	177.789	65.815	-95.728	178.145	-79.941	-27.255	179.759	72.319	-95.423	-76.065	128.047	-178.837	-172.239	179.37	83.23	-62.805	
8	-10.1514	-82.399	154.224	-176.97	-167.483	87.273	-146.367	-157.954	78.639	173.834	66.74	-95.639	177.584	-77.797	-32.635	-176.965	178.966	-99.844	-78.995	134.017	-178.397	-65.54	-179.26	-179.356	-59.943	
9	-10.1357	-84.276	153.779	179.954	178.775	-108.701	143.855	-162.816	74.299	177.825	65.334	-96.447	177.316	-77.851	-32.874	179.526	-179.402	-99.546	-70.449	128.382	-178.672	-172.985	178.977	83.595	-62.623	
10	-10.1337	-84.081	152.034	-179.478	178.827	-111.272	146.351	-159.71	70.739	177.392	66.853	-94.693	177.676	-81.608	-26.9	-179.247	72.593	-95.335	-77.987	131.656	-178.919	-171.335	176.595	179.481	179.904	
11	-10.1243	-169.654	-27.996	178.18	-175.723	84.385	-154.408	79.442	-72.709	-174.791	141.442	-31.743	-179.417	-71.794	-20.361	176.211	70.336	-95.42	-65.92	135.355	-179.091	-69.967	-174.749	-171.07	-177.731	
12	-9.99163	-82.864	155.212	-177.345	-167.185	87.853	-145.495	-160.526	79.675	174.517	66.938	-96.549	177.027	-78.738	-32.777	179.874	-179.36	80.461	-72.234	129.09	-178.388	-173.732	176.547	178.872	179.818	
13	-9.82545	-84.083	152.589	-179.342	179.036	-112.119	146.633	-160.177	70.486	177.372	66.548	-95.175	176.848	-78.491	-32.39	-177.045	179.362	80.434	-79.075	142.993	-178.878	-65.834	179.862	-84.074	-58.136	
14	-9.7684	-84.055	152.527	-179.049	179.294	-112.739	146.662	-159.501	69.263	177.362	66.232	-94.77	176.785	-77.593	-33.169	-176.771	178.603	81.134	-79.938	144.158	-178.872	-65.327	-71.257	179.378	-59.582	
15	-9.0976	82.212	-9.554	-178.207	-174.802	76.992	-2.855	-64.829	-38.948	-179.643	-69.45	-37.214	179.049	-71.008	-37.301	179.129	177.698	-97.28	-158.46	119.485	-177.778	-175.263	175.706	179.491	179.936	
16	-9.05447	-83.615	155.307	-178.061	-174.633	-100.068	12.965	-153.42	90.927	168.053	80.649	-76.3	-171.403	-136.866	19.745	-173.855	58.035	-85.927	-156.972	137.372	179.341	-171.839	174.966	179.949	179.995	
17	-8.78676	-84.292	151.789	179.021	177.43	-110.527	149.864	-161.965	73.965	179.383	69.342	-87.698	-179.721	-102.867	-13.745	-176.246	69.68	85.77	-72.084	-45.418	178.421	-66.904	178.794	-177.528	60.96	
18	-8.54718	-82.43	154.172	-176.996	-167.326	87.306	-148.41	-158.475	79.03	174.214	68.55	-91.711	178.106	-87.531	-27.28	-179.171	-58.106	106.896	-77.945	133.722	-178.467	-66.378	177.542	82.703	-62.841	
19	-8.47336	-82.492	149.556	179.431	-179.661	-102.948	176.38	-168.133	46.498	174.759	77.921	-74.389	-177.882	-79.37	-7.831	174.406	68.569	-96.594	-138.87	166.656	-179.345	59.395	176.961	179.843	-60.181	
20	-8.40797	-98.194	166.077	-169.837	60.515	-82.049	6.471	-59.452	150.114	-177.911	87.967	-63.724	174.15	-68.418	-28.064	170.158	177.299	-121.282	-125.703	153.944	-179.218	-60.746	-174.585	-172.872	-56.433	
21	-8.20966	-82.758	149.696	178.549	179.036	79.173	178.298	-170.636	46.804	174.905	78.201	-73.777	-178.278	-77.842	-8.58	173.491	68.672	-96.808	-138.663	166.386	-179.252	60.126	177.545	-179.74	179.957	
22	-8.17792	-84.839	156.359	-176.696	-178.769	-119.467	152.17	-164.552	55.874	177.527	77.933	-76.707	-168.603	-92.783	-13.282	-172.225	68.627	84.131	-70.298	-37.665	178.412	-65.544	179.171	-175.542	59.79	
23	-8.15141	-84.062	153.138	-179.288	-179.537	71.539	179.64	-166.108	69.299	-179.61	63.761	-98.582	177.206	-69.342	-33.831	-178.676	177.921	79.98	-79.079	144.721	-178.76	-65.382	-179.212	-179.291	-59.938	
24	-7.88833	-75.537	173.198	-172.415	60.416	91.783	-171.918	-57.352	118.309	178.043	88.804	28.216	174.636	-158.875	-51.18	177.505	175.449	-103.382	-153.131	-62.529	-179.868	-173.534	175.764	179.852	-60.017	
25	-7.82983	-162.115	-39.572	177.29	-171.483	89.337	-5.135	76.404	-75.168	-172.189	151.848	-33.729	172.545	-60.444	-29.822	178.531	67.373	-94.895	-71.03	-31.747	175.904	-172.247	171.093	176.135	-60.585	
26	-7.79486	-168.686	-30.536	-179.096	-179.494	-92.452	175.958	-64.126	147.76	-178.325	81.289	-63.205	175.463	-55.612	-42.28	176.168	172.05	-120.242	-141.207	-10.986	-179.38	-79.549	-177.713	174.267	177.58	
27	-7.77939	53.73	13.082	-176.131	60.901	90.278	-151.814	75.662	-161.319	177.337	62.294	-115.647	-177.908	-87.495	-15.041	-178.713	-179.172	-108.488	50.75	41.018	-177.168	-59.336	-178.824	178.063	-64.409	
28	-7.75419	-84.26	151.639	179.319	177.488	74.619	-178.956	-166.489	76.586	-179.077	67.495	-95.852	179.798	-92.686	-15.033	173.668	74.476	-94.38	-74.919	133.465	-178.851	-64.746	-175.944	-176.943	-56.786	
29	-7.74252	-172.207	-26.222	176.974	173.511	61.708	-154.536	105.583	-46.997	178.747	94.919	-54.538	171.989	-61.369	-25.28	178.084	65.214	-97.195	-61.726	130.702	-179.089	-175.198	173.375	176.687	179.603	
30	-7.6975	-82.196	144.31	179.928	178.728	-108.714	144.07	-148.454	66.982	178.409	66.424	-93.095	176.8	-83.304	-30.052	-175.394	-179.986	80.226	-74.826	-43.162	172.988	-66.288	-179.732	-179.206	-59.912	
31	-7.68186	-82.364	144.529	179.881	178.366	-109.043	145.037	-149.104	67.271	178.029	67.292	-92.271	177.213	-87.082	-25.814	-177.041	71.954	-95.476	-74.936	-47.051	174.409	-170.552	176.793	179.725	-60.011	
32	-7.6305	-175.199	-21.453	179.346	53.8	-92.964	1.07	-131.562	53.91	177.928	67.306	-93.99	177.849	-82.192	-27.551	-179.173	-58.84	-71.872	-82.705	119.932	-176.494	-64.033	-178.489	-179.246	-59.929	
33	-7.61864	-77.69	138.069	-170.876	177.552	-126.655	-1.76	-62.2	-36.401	-178.157	-63.998	-35.091	-179.016	-82.709	-36.873	-178.403	-179.221	76.993	-85.926	91.828	-177.997	-66.937	177.528	178.697	-60.989	
34	-7.51173	81.248	-9.913	177.234	174.431	59.933	-147.167	75.366	28.672	172.577	77.564	-76.576	-176.2	-92.72	-42.466	-175.333	177.204	71.382	-162.909	142.066	-177.417	-171.507	174.204	-179.891	-60.009	
35	-7.50369	-85.712	155.402	179.658	177.897	66.451	-25.051	-169.632	75.767	-175.746	73.068	-73.986	170.065	-97.776	-45.403	-175.728	176.384	70.693	-163.274	144.391	-179.486	-171.529	173.847	179.984	60	
36	-7.4998	-167.704	-30.928	-177.654	-177.577	-100.151	179.824	-72.832	76.575	179.765	165.627	-61.951	-179.194	-97.404	-12.46	172.537	66.65	-95.961	52.899	-113.508	177.608	-57.949	-67.424	177.987	-58.945	
37	-7.41488	-82.111	153.655	-176.545	-169.89	-96.187	21.584	-153.532	79.267	169.385	78.191	-79.125	-169.141	-89.899	-30.648	-173.933	-57.57	104.981	-160.547	169.568	179.24	59.838	-176.259	-82.634	-177.267	
38	-7.36017	-164.16	-45.497	-177.432	177.426	-97.67	177.41	-73.953	-27.601	178.485	-64.827	-35.259	178.453	-85.302	-39.935	179.082	-60.956	103.044	-104.74	86.604	-177.236	-60.758	-173.888	-173.799	-59.122	
39	-7.33769	-165.88	-35.926	-177.363	179.419	-90.11	176.483	-62.749	147.211	-178.774	83.824	-61.363	-179.855	-66.612	-37.186	-179.358	-58.343	-68.855	-137.543	-17.455	-179.399	-64.377	-174.599	-178.755	-179.878	
40	-7.33554	-80.83	146.119	-177.243	-168.735	-88.344	39.36	-150.787	74.996	177.429	66.225	-94.174	176.746	-83.602	-30.192	-176.093	-179.95	-99.785	-74.087	-42.416	170.778	-66.467	-179.736	-179.259	-59.884	
41	-7.30581	-83.515	149.042	-178.994	179.115	-122.003	148.05	-148.08	64.163	167.819	64.327	-106.465	-179.96	-63.037	-32.779	176.897	178.746	-113.261	-94.687	128.233	-178.563	-68.298	-71.846	-177.877	60.756	
42	-7.23935	-172.094	-26.655	177.146	173.368	57.317	-155.304	109.891	-32.599	176.59	87.925	-63.255	178.751	-67.593	-21.645	-179.773	65.778	-98.605	-56.08	126.472	-177.248	-176.681	172.72	176.501	-60.484	
43	-7.16539	-165.914	-36.771	-177.259	-178.591	-88.78	1.235	-76.781	75.025	-176.009	136.178	-43.734	175.403	-74.264	-24.975	171.913	-179.63	-121.701	-133.193	-5.711	179.757	-62.215	-170.575	-174.783	-176.382	
44	-7.11004	68.442	13.465	-173.836	-167.321	-111.011	4.169	-65.843	-24.018	-179.505	-64.453	-30.055	-175.379	-89.207	-22.646	179.137	-67.291	-89.236	-69.463	130.699	-178.416	-69.198	-177.394	-173.262	-55.425	
45	-7.1043	-86.283	155.366	179.681	177.504	-113.799	156.017	-169.932	75.727	-176.347	75.246	-72.193	173.965	-98.783	-45.003	-176.837	-59.575	102.287	-165.379	165.535	-179.217	57.778	-179.026	179.063	179.888	
46	-7.09422	-177.133	-15.999	172.103	55.563	-87.574	-167.944	102.264	-159.722	-178.236	68.045	-84.362	177.524	-93.625	-39.948	-177.596	-61.373	100.753	-166.662	163.083	179.288	57.082	-178.628	178.155	-179.465	
47	-7.07142	-84.042	152.372	178.577	179.153	-109.796	150.547	-165.401	71.404	-173.57	75.517	-68.135	171.179	-73.991	155.806	-179.881	-179.202	-107.952	-57.543	120.56	-178.606	-174.885	172.851	80.348	-64.157	
48	-7.05618	-67.256	56.157	176.865	-52.77	-68.464	0.53	76.137	-84.718	-176.49	-71.408	-43.188	178.336	-72.618	-35.207	-178.731	174.732	-103.58	-164.342	118.59	-178.184	-173.732	175.612	179.841	-60.043	
49	-7.04732	-81.337	145.818	178.247	-166.826	95.686	-151.051	-159.565	83.666	-171.394	80.889	-55.014	168.764	-127.932	167.523	-178.926	58.33	-89.922	-78.961	-60.974	179.701	-171.144	176.084	-179.701	-59.99	
50	-6.85829	-163.734	-38.343	179.214	-178.234	-87.516	0.308	-160.6	63.153	177.86	65.507	-98.086	177.311	-70.724	-27.897	178.538	72.546	-94.688	-82.097	-39.53	168.367	-169.719	171.295	174.864	-60.255	
51	-6.85446	-81.227	141.752	-171.589	178.315	53.764	2.33	-61.654	-39.255	-177.385	-65.449	-34.489	-178.79	-79.996	-36.36	179.446	178.573	-103.907	-157.374	122.357	-178.205	-173.236	175.558	179.922	59.985	
52	-6.85165	83.088	-14.148	178.1	173.918	60.225	-147.564	79.689	29.282	172.157	77.259	-76.653	-177.778	-96.203	-39.62	-178.052	-58.662	102.99	-165.658	160.408	-177.629	57.322	-178.7	179.067	-60.105	
53	-6.82631	175.533	-8.418	176.047	62.199	-84.992	-166.639	81.673	-143.211	179.869	65.964	-98.264	177.137	-86.35	-27.064	179.813	-58.286	107.144	-74.836	128.87	-178.608	-172.731	177.177	179.513	179.947	
54	-6.81939	-80.449	149.237	-178.171	178.015	64.214	-178.971	-64.426	148.358	-178.876	83.422	-63.125	173.349	-57.663	-38.336	172.723	173.067	-120.949	-136.594	162.646	-179.681	-76.222	-179.371	172.591	-62.887	
55	-6.78605	69.492	11.239	-176.432	-169.83	68.896	-4.896	-63.442	-28.181	179.134	-62.747	-26.052	-178.613	-112.659	18.555	-177.72	-53.866	-79.663	-161.317	101.416	-178.883	-173.335	175.457	179.956	60.012	
56	-6.74352	-84.357	26.305	-174.672	-160.504	-113.609	173.977	-76.488	-20.309	175.988	-62.872	-29.645	176.551	-92.599	-44.059	175.673	-63.994	-89.468	-95.778	82.533	-177	-68.906	-179.485	177.81	-59.603	
57	-6.70273	-175.584	123.158	175.4	49.877	-84.055	175.904	58.368	-109.766	-173.6	-79.704	-27.866	-176.968	-69.893	-42.23	178.166	179.225	-99.316	-164.682	135.571	-178.775	-172.225	175.377	179.861	179.979	
58	-6.64024	-83.062	155.425	175.127	-59.944	101.799	-0.169	-76.656	73.025	-172.049	77.86	-70.865	173.249	-143.04	19.627	-171.17	57.708	-85.526	-108.064	122.145	179.933	-63.248	-179.319	-176.096	-57.872	
59	-6.6293	-168.589	-35.723	-177.614	170.232	-120.165	179.493	67.13	-149.17	176.24	64.13	-97.079	175.934	-69.308	-35.263	-179.202	178.683	-101.094	-83.626	135.577	-178.427	-64.659	-178.578	-174.109	60.925	
60	-6.57041	-85.517	156.267	-179.638	175.37	-111.721	156.224	-172.347	78.971	-177.756	77.192	-73.984	176.864	-142.113	26.789	-179.328	-57.059	100.613	-78.398	-45.672	179.668	-169.099	178.18	179.474	59.932	
61	-6.56516	-83.152	159.491	177.317	-171.98	-94.505	-176.273	103.628	140.342	179.758	77.053	-74.474	-176.79	-80.325	-15.899	173.464	71.276	-95.275	-152.056	128.627	179.962	-170.577	-177.535	178.68	179.841	
62	-6.56515	-83.07	159.45	177.305	-172.066	-94.478	-176.321	103.712	140.145	179.724	77.082	-74.455	-176.802	-80.346	-15.855	173.495	71.335	-95.253	-151.967	128.72	-179.999	-170.609	-177.579	178.616	179.806	
63	-6.55117	-165.115	156.969	175.672	59.151	90.307	-7.663	53.169	-127.767	175.073	-108.118	10.859	-179.403	-83.989	-36.709	175.873	-176.179	84.712	-156.062	-42.872	176.99	-170.088	70.31	-178.881	-59.869	
64	-6.54612	50.263	18.725	-177.29	52.772	-94.006	1.915	92.665	154.715	179.495	75.391	-75.796	-177.158	-72.494	-36.334	179.923	176.731	-121.406	-161.66	163.956	179.625	61.03	-175.254	176.545	-62.376	
65	-6.52946	-84.748	22.818	-174.474	48.943	-94.106	-0.013	72.833	-167.184	178.167	63.439	-102.032	-178.683	-85.88	-20.834	176.479	-177.859	-120.852	-133.73	80.045	178.624	-64.591	-170.977	-177.29	-57.334	
66	-6.47108	-178.07	-15.796	178.861	-173.396	-99.581	179.224	96.652	-63.193	-177.74	-63.467	-49.272	-173.213	-86.408	-28.861	-175.634	-53.312	-46.757	-161.899	152.635	-179.155	59.174	-174.145	-179.931	-178.125	
67	-6.2946	177.519	-9.444	169.738	-179.849	50.607	-4.836	61.008	42.469	179.531	77.813	-71.719	179.165	-146.721	32.633	-175.981	-59.479	102.492	-85.106	130.705	-179.136	-165.303	-177.661	-80.814	-55.455	
68	-6.27069	-50.552	-51.412	-179.921	179.429	-95.15	-177.949	-70.431	-35.519	178.337	-76.072	-33.969	-179.689	-70.075	-40.523	175.967	179.615	71.496	-85.609	-6.693	-179.706	-66.993	-177.83	175.167	-59.875	
69	-5.93627	-37.616	-39.658	-178.17	-175.647	-95.095	170.016	-64.242	107.826	-178.289	75.737	39.769	-179.5	-155.513	-49.482	175.275	173.461	-122.615	-136.142	-2.754	177.958	-78.289	179.797	174.517	177.566	
70	-5.92347	82.124	-31.463	-178.433	-173.567	-87.334	3.016	83.768	46.643	178.625	174.91	-74.542	176.91	-69.923	-30.515	-179.713	177.29	-115.97	-162.906	168.354	179.505	59.717	-175.15	177.084	-60.934	
71	-5.90659	60.116	154.588	-178.093	-171.607	83.459	-159.475	-163.191	89.765	175.936	84.191	-73.057	-176.217	-155.046	50.743	175.049	-170.5	-117.485	-83.174	124.068	-179.026	-69.52	-179.733	178.966	57.663	
72	-5.87579	-167.282	-49.857	-174.529	163.063	-114.615	-179.744	65.495	-95.719	178.695	63.212	-97.842	179.828	-81.413	-27.003	-179.265	-55.807	-67.855	-83.604	127.465	-178.489	-63.983	-179.898	-82.006	-176.323	
73	-5.81257	-169.16	-30.65	179.381	179.295	73.27	2.841	90.754	35.223	169.482	72.171	-84.355	-177.75	-102.035	-19.441	-170.604	68.545	-94.874	-71.589	115.396	-177.545	-172.847	176.242	179.821	179.976	
74	-5.7744	-77.704	155.284	178.469	-178.84	-101.529	2.359	-71.789	76.821	179.7	161.955	-53.698	179.575	-92.181	-24.759	178.717	-54.762	-60.488	52.55	-142.659	178.577	-54.461	-66.065	-178.687	-58.208	
75	-5.76755	-85.462	156.828	175.966	177.084	-106.423	3.463	-70.31	76.802	-177.195	160.655	-43.729	173.815	-85.253	-39.798	177.436	178.34	71.114	51.222	-135.51	178.123	-54.445	-173.348	-177.564	-59.877	
76	-5.76167	178.24	-12.448	179.825	-172.337	-98.24	179.303	93.38	-65.299	-178.522	-62.224	-49.576	-176.703	-87.42	-23.654	-179.604	-51.875	-48.113	-156.13	111.412	-178.174	-173.371	176.03	179.792	179.975	
77	-5.70229	-87.119	157.557	-179.585	-173.326	-95.119	-171.973	97.451	133.547	-179.113	77.782	-70.39	-179.298	-67.754	-32.576	-179.654	177.296	-116.478	-160.206	158.317	-177.149	59.103	-175.158	176.276	-57.596	
78	-5.61882	179.672	-17.558	-179.675	55.442	86.282	-2.84	69.968	-89.374	173.888	-144.384	27.544	178.086	-81.796	-30.321	-179.811	-179.047	-100.405	-69.789	-44.432	178.271	-172.108	175.662	179.857	-60.006	
79	-5.56488	-84.089	148.87	179.481	177.04	-118.172	158.985	-158.861	66.218	179.897	80.539	-67.169	-179.156	-84.1	158.544	178.555	-57.977	106.681	-163.223	-11.37	-179.808	53.545	178.488	176.05	-60.662	
80	-5.49707	-152.781	-33.097	174.82	-48.925	-62.033	177.448	-171.864	-73.834	175.004	-80.092	-32.56	-178.139	-70.401	-45.576	174.473	176.739	-127.727	-165.006	-19.596	175.466	60.746	-173.893	-179.975	-59.696	
81	-5.34375	-167.032	157.303	170.014	61.611	90.299	-3.354	69.195	15.462	179.945	72.843	14.62	179.338	-96.074	-29.51	-177.165	-51.979	131.87	-162.936	-9.718	174.276	60.921	-170.313	86.039	178.778	
82	-5.32901	-89.579	156.056	178.349	-178.198	-98.163	-176.701	79.978	34.91	-178.191	163.583	-57.317	175.177	-74.247	-33.42	179.047	177.35	-118.729	-162.479	175.985	-179.851	59.63	-175.606	178.835	-59.648	
83	-5.32474	176.246	-7.921	169.748	179.806	-129.507	175.721	61.233	40.868	-179.472	76.642	-71.492	178.174	-147.682	37.691	-177.451	-60.159	-77.34	-158.472	98.968	-178.686	-172.394	177.099	-84.269	-58.395	
84	-5.22408	-82.362	147.688	-176.731	-179.348	-119.869	150.215	-149.126	49.699	173.504	76.762	-80.892	-169.273	-91.051	-8.884	170.51	70.959	-93.037	-138.351	155.946	179.572	-95.949	-178.785	-176.856	-59.662	
85	-5.18369	-75.867	149.889	178.828	178.03	-110.147	-179.181	-168.99	43.169	-179.418	76.529	-74.831	-170.328	-80.62	-16.06	-178.844	68.71	82.508	-67.124	-43.731	177.996	-66.054	-174.221	-176.007	59.97	
86	-5.16202	-85.3	151.605	179.343	174.928	-107.894	2.935	-80.22	68.182	-179.679	-91.264	-11.739	-177.771	-138.591	20.235	-175.235	57.318	-84.708	-166.409	-13.266	178.84	56.071	179.417	179.356	61.485	
87	-5.0284	-84.56	162.853	-176.922	56.903	90.592	-176.634	-75.988	84.437	176.416	-172.688	-128.813	-178.055	-62.591	-31.76	-177.963	175.092	-106.405	-147.862	114.723	-178.658	-175.819	172.413	78.365	-66.15	
88	-5.01799	-88.992	158.432	175.603	-175.15	78.369	1.113	65.168	-100.139	178.286	-68.013	-25.813	176.015	-119.032	45.708	176.555	-54.462	99.262	-71.852	-46.714	179.108	-169.292	71.425	179.557	-179.944	
89	-4.77246	-89.555	153.521	172.344	179.695	-102.777	-179.028	73.286	-98.226	-177.355	-72.795	-35.181	-178.54	-84.129	-25.349	177.487	-59.872	106.791	-157.927	107.636	-177.445	-171.761	70.286	-178.985	-179.831	
90	-4.38783	-85.654	159.745	-179.91	-174.145	-99.121	-4.976	106.188	140.187	179.982	74.35	-77.778	-177.18	-78.32	-23.81	175.375	-178.722	-121.962	-131.541	128.756	-179.937	-65.386	-175.112	-178.856	-57.325	
91	-4.30166	-83.556	152.077	177.617	-62.17	114.755	179.807	-178.35	141.388	177.151	76.924	-76.085	-177.097	-76.64	-16.075	174.502	68.695	-96.216	-152.663	143.481	179.885	179.498	169.673	170.205	178.764	
92	-4.27175	-76.321	93.028	-178.545	173.26	-124.538	141.967	-89.418	-17.006	-172.442	-84.502	63.072	-178.854	-71.132	-33.29	178.657	-62.498	110.53	-72.395	126.505	-178.345	-171.165	70.206	-178.904	-179.854	
93	-4.11998	-78.259	159.027	177.459	-173.249	84.327	5.385	111.774	127.053	178.838	78.553	-76.307	-177.794	-75.558	-19.461	166.003	75.569	-92.717	-137.684	133.339	-178.6	-89.528	-178.003	-176.686	60.406	
94	-4.11702	-84.86	130.63	172.138	53.766	93.861	-8.498	61.227	29.185	174.037	100.895	-17.964	-175.973	-71.913	-26.487	-179.424	-172.715	-93.506	-159.582	141.193	179.917	-172.052	174.634	179.841	-60.085	
95	-3.78159	68.961	21.137	-177.156	-58.413	-72.173	1.321	84.781	93.494	-176.556	81.665	-68.051	175.274	-68.836	132.401	-177.683	175.229	-122.378	-87.565	-29.267	179.362	-64.678	-178.761	-179.535	59.902	
96	-3.21899	-167.753	-34.495	179.802	174.45	-112.531	179.064	78.589	-71.724	179.223	66.266	-94.069	-179.566	-86.465	-28.067	-178.806	-58.123	-73.306	-160.085	118.63	179.312	-173.174	175.828	179.866	179.973	
97	-2.99405	169.94	51.436	179.53	-60.842	118.56	179.548	69.996	37.494	-177.103	163.8	-57.347	170.307	-66.268	-36.475	176.108	174.178	75.944	-154.386	140.407	179.997	-167.322	70.957	-178.975	-179.866	
98	-2.73445	-36.918	-33.279	179.856	-172.983	-91.764	4.997	-72.38	77.308	-179.72	175.626	-54.492	178.68	-142.422	27.349	179.378	-56.761	-79.865	49.285	-120.006	178.16	-61.498	-174.636	178.322	-60.23	
99	-2.62184	75.056	2.667	-177.971	-173.142	69.901	-178.878	-140.444	176.788	-178.723	67.442	-100.21	174.606	-79.388	-31.339	-177.896	-179.189	76.05	-95.957	176.103	178.725	-62.553	-177.227	-179.376	60.045	
100	2.26619	-156.613	-33.522	176.742	-51.183	-69.36	178.853	-162.542	-139.366	177.56	-59.403	128.146	-174.35	47.184	50.197	-177.999	-51.999	104.491	55.131	-100.727	177.201	-167.273	74.327	-177.74	-59.652	
