1	-10.2474	-84.294	151.4	179.195	176.492	-108.726	149.161	-162.398	76.579	178.364	70.142	-91.471	178.132	-99.374	-14.506	175.543	72.887	-94.027	-74.603	132.485	-178.933	-64.831	-176.658	-177.151	-57.228	
2	-10.1337	-84.081	152.034	-179.478	178.827	-111.272	146.351	-159.71	70.739	177.392	66.853	-94.693	177.676	-81.608	-26.9	-179.247	72.593	-95.335	-77.987	131.656	-178.919	-171.335	176.595	179.481	179.904	
3	-9.99131	-82.687	155.195	-177.346	-167.185	-92.13	34.436	-160.505	79.693	174.509	66.946	-96.554	177.03	-78.752	-32.771	179.872	-179.345	-99.546	-72.232	129.071	-178.388	-173.73	176.543	178.875	179.819	
4	-9.82425	-84.266	152.672	-179.301	178.824	-111.551	146.476	-160.544	71.028	177.455	66.581	-95.276	176.858	-78.759	-32.193	-176.987	179.386	80.111	-79.029	143.466	-178.897	-65.785	-179.941	-83.964	-58.114	
5	-9.31636	-82.602	154.129	-177.446	-167.627	-92.302	30.77	-158.762	81.058	173.656	68.862	-92.433	178.441	-87.97	-26.991	-178.43	-57.909	-73.168	-79.451	134.1	-178.507	-65.512	-179.47	-83.371	62.573	
6	-9.14515	53.339	151.366	-178.835	178.513	67.752	-32.856	-158.06	69.38	177.169	66.394	-94.462	176.753	-78.022	-33.113	-176.639	178.603	-98.834	-79.865	144.032	-178.96	-65.335	-71.281	179.354	60.406	
7	-7.91714	-75.786	107.651	-173.281	178.176	-103.127	36.212	-93.417	66.554	169.973	80.176	-70.371	-177.87	-89.139	-38.119	-172.554	178.032	-111.085	-158.527	148.882	175.684	-171.599	172.385	179.986	179.99	
8	-7.75372	-84.363	151.649	179.321	177.501	-105.365	1.052	-166.504	76.586	-179.07	67.488	-95.907	179.808	-92.618	-15.038	173.653	74.466	-94.386	-74.907	133.366	-178.847	-64.736	-175.925	-176.917	-56.797	
9	-7.04729	-80.997	145.809	178.238	-166.814	95.68	-151.049	-159.548	83.65	-171.393	80.9	-55.006	168.761	-127.948	167.489	-178.924	58.373	-89.893	-78.884	-61.04	179.7	-171.151	176.079	-179.715	-59.983	
10	-7.03423	-83.995	153.314	-179.714	179.183	72.64	-179.419	-167.247	72.402	-179.737	65.523	-95.766	178.567	-79.87	-28.362	179.485	-59.256	-71.383	-79.673	147.886	-178.941	-66.116	-179.967	-85.148	60.833	
11	-6.90302	83.018	-14.633	178.715	173.299	57.556	-150.549	80.919	25.958	171.661	78.754	-76.337	-174.916	-94.263	-48.361	-179.158	176.463	-120.026	-146.127	143.694	-177.637	-81.671	-175.073	177.766	-61.569	
12	-6.71767	-84.155	153.394	-179.338	-179.682	72.974	-179.286	-166.491	71.98	179.945	63.352	-100.712	177.703	-69.156	-34.028	179.464	179.026	80.637	-73.464	131.581	-178.585	-171.361	69.681	-178.746	60.145	
13	-6.53062	-86.483	26.753	-174.965	49.5	-90.888	2.768	85.312	153.3	179.642	75.348	-75.339	-177.252	-71.975	-37.04	179.188	177.855	-120.328	-161.879	161.643	179.735	61.258	-175.035	175.511	175.892	
14	-6.52507	-84.25	150.993	178.864	177.659	-106.413	-1.371	-165.691	73.166	-177.756	66.384	-93.758	-178.509	-93.738	-15.57	-179.903	72.144	-94.933	-71.349	-43.883	176.845	-66.46	-179.619	-177.561	-58.647	
15	-6.50379	-175.043	-21.628	179.396	54.812	87.64	5.652	-130.614	54.107	178.077	67.308	-93.983	177.942	-82.518	-27.651	-178.712	-58.808	-71.939	-83.339	119.092	-177.291	-64.637	-71.711	178.202	-60.239	
16	-6.36561	-82.358	134.456	170.45	163.257	-119.842	-163.98	-96.26	-115.267	174.86	61.134	-111.912	178.46	-71.637	-31.699	-178.87	-179.86	-99.944	-80.313	131.195	-179.026	-172.167	176.973	179.388	179.96	
17	-6.31795	-85.047	149.865	179.761	179.678	-103.423	-1.703	-169.05	46.933	174.722	77.63	-75.097	-177.767	-79.795	-7.711	174.387	68.965	-96.429	-138.483	167.279	-178.943	56.934	173.669	-87.532	-60.68	
18	-6.12481	-85.683	155.683	-179.875	174.791	-111.906	157.008	-171.259	79.329	-178.543	77.653	-72.522	177.511	-141.824	21.573	-176.586	56.831	-85.09	-79.017	-44.423	179.599	-169.179	177.82	179.539	-60.045	
19	-5.92717	-37.815	-36.115	-177.953	-177.54	-96.1	178.825	-168.132	76.852	177.732	68.885	-94.188	-179.833	-92.848	-15.394	175.133	73.867	-94.537	-73.698	132.303	-178.856	-65.375	-176.703	-177.078	-57.296	
20	-5.86275	-37.29	-39.397	-177.754	-175.719	-88.458	-0.685	-75.238	77.331	-176.529	133.719	-42.809	175.981	-75.366	-24.442	172.65	-179.735	-121.892	-133.084	164.268	-179.534	-62.406	-170.574	-175.007	-56.407	
21	-5.49503	-37.697	-40.019	-178.265	-175.034	-95.125	-0.155	-64.297	107.292	-178.141	75.863	39.974	-179.426	-155.564	-49.385	175.277	173.48	-122.704	-135.937	-5.773	177.848	-78.366	179.644	174.495	-62.455	
22	-5.26561	-168.763	-32.286	-179.879	175.752	-107.991	1.062	78.079	-74.27	-179.288	64.609	-99.09	176.342	-74.157	-33.368	-177.38	179.03	-100.933	-86.417	133.157	-178.505	-64.147	-178.287	-179.38	60.048	
23	-5.1759	-37.794	-42.297	-174.498	-176.696	-87.085	2.753	-71.77	90.971	-178.874	149.904	-61.309	171.433	-70.213	-30.906	173.302	177.662	-119.822	-134.767	175.409	-179.545	-70.938	177.991	82.509	-62.499	
24	-5.01792	-89.045	158.385	175.598	-175.142	78.385	1.128	65.164	-100.138	178.294	-67.986	-25.754	175.963	-119.134	45.729	176.52	-54.487	99.213	-71.809	-46.688	179.107	-169.276	71.44	179.549	-179.939	
25	-4.90993	-38.794	-35.697	-178.32	-53.477	123.24	-179.898	-152.742	40.852	172.432	77.466	-75.33	-177.26	-77.649	-8.375	173.305	69.222	-96.691	-137.505	153.436	-175.972	56.294	175.187	-178.503	-179.624	
26	-4.87937	-93.348	147.175	-174.407	60.907	94.224	-179.97	-87.564	69.759	175.056	76.596	-75.216	-175.27	-86.248	-39.039	-176.381	-59.137	105.575	-163.987	164.302	179.664	58.329	-178.275	179.033	-60.091	
27	-4.85389	-86.492	161.264	-177.401	-64.635	-82.163	179.613	171.164	77.967	176.503	66.272	-97.416	178.077	-70.391	-28.068	177.473	72.265	-94.743	-81.756	132.934	-178.755	-172.599	179.569	177.424	-60.172	
28	-4.79226	88.295	-29.344	178.972	-177.31	-122.062	4.936	88.577	24.581	170.383	67.009	-93.808	-178.745	-76.627	-26.637	-177.827	71.662	84.396	-74.131	133.198	-178.493	-171.612	176.153	179.706	-60.037	
29	-4.78934	56.689	151.534	179.992	-178.71	-98.764	-177.372	75.76	33.214	-176.188	161.906	-53.718	173.002	-72.987	-35.094	177.5	176.127	-121.311	-162.419	173.04	-179.962	59.472	-176.67	178.976	-60.466	
30	-4.77709	-166.013	-26.824	169.897	-168.538	57.639	-3.627	66.139	42.728	-178.295	78.895	-62.551	168.359	-147.709	132.503	-178.4	177.264	-105.112	-78.71	129.154	-178.689	-167.893	72.026	-179.242	-59.878	
31	-4.76464	-160.247	-33.871	176.643	-61.773	-79.281	-179.847	-161.093	63.262	177.374	66.541	-94.095	177.165	-76.611	-29.718	177.093	-60.212	108.883	-75.076	-43.567	170.419	-170.135	174.657	84.788	-58.841	
32	-4.59248	-159.245	-33.753	177.317	-61.433	-87.167	-179.901	80.158	-73.287	-172.73	-66.33	-44.335	-176.705	-68.823	-41.419	176.252	175.525	-128.919	-165.006	-18.334	179.557	60.24	-175.559	178.224	-63.561	
33	-4.57638	-37.477	-35.513	-178.831	-174.654	-90.844	1.034	-171.904	67.021	178.242	69.128	-90.452	-177.606	-92.463	-15.974	-179.32	71.886	-95.074	-70.464	-39.078	176.508	-67.033	-179.52	-177.308	-58.821	
34	-4.51772	53.679	10.997	-169.164	66.385	91.378	172.93	80.026	-151.843	177.105	65.342	-94.632	176.326	-69.572	-31.399	177.515	179.986	-97.499	-85.942	132.947	-178.424	-71.6	89.582	177.325	-60.865	
35	-4.37164	-161.588	-35.537	179.21	-66.737	-82.209	-0.15	79.892	-72.583	-177.08	-139.217	38.742	175.77	-144.797	61.959	-179.77	-63.653	-72.58	-159.879	165.345	179.995	52.483	173.94	172.014	-61.257	
36	-4.30385	-86.262	30.014	-172.139	-47.029	-61.686	1.294	84.54	127.352	-177.811	79.474	-67.391	178.156	-60.142	-43.895	174.702	173.458	-127.341	-164.52	165.483	179.665	62.609	-173.593	179.326	-178.398	
37	-4.30158	-83.778	152.078	177.636	-62.209	114.659	179.808	-178.275	141.478	177.132	76.933	-76.082	-177.076	-76.744	-16.037	174.526	68.709	-96.2	-152.681	143.47	179.886	179.484	169.663	170.177	178.769	
38	-4.24992	52.886	14.462	-176.47	58.73	89.505	-156.799	75.951	-166.193	177.6	65.911	-105.691	-179.075	-97.434	-11.461	-176.229	-177.806	-108.36	50.684	-147.1	178.458	-54.26	100.786	-179.39	-55.812	
39	-3.95436	-65.161	156.118	175.503	-179.464	76.266	1.47	55.862	-124.491	175.865	-110.455	12.972	-178.117	-89.335	-35.347	174.92	-49.392	120.954	-156.131	-44.685	176.509	-168.729	70.988	-178.875	-179.838	
40	-3.9334	-86.742	155.15	178.951	177.629	68.954	-179.886	-172.437	75.072	-175.563	74.56	-74.072	175.584	-96.184	-44.978	-177.305	-59.564	102.937	-166.387	-14.75	-179.31	57.547	-179.069	179.074	-60.073	
41	-3.5441	-156.406	72.4	177.571	-58.025	-78.504	179.866	82.822	-72.163	-174.948	-71.911	-37.4	-174.069	-82.102	-32.45	-179.069	-61.376	102.077	-163.404	-17.882	177.043	52.747	175.02	177.015	178.15	
42	-3.47794	-154.806	126.096	-177.624	-55.061	113.626	-179.626	-69.783	83.114	-175.436	161.909	-65.459	174.341	-67.185	-30.921	177.874	175.866	68.451	-158.541	22.404	179.023	59.185	-174.86	-178.859	-179.691	
43	-3.43507	-78.067	126.678	-178.058	-179.57	-101.376	24.716	-123.199	15.606	-174.572	-86.023	62.274	178.637	-101.722	-6.953	-175.025	-56.063	117.856	-100.082	136.927	-179.099	-65.433	89.906	-173.847	60.504	
44	-3.40653	-94.627	172.957	178.068	62.12	87.689	14.061	-151.562	-174.282	-177.813	78.123	-74.479	176.739	-86.94	155.926	-175.256	72.46	-95.25	-94.587	-46.499	179.202	-63.063	-70.211	176.15	-60.613	
45	-3.0961	-39.602	-38.17	179.183	-54.387	114.504	-179.781	-147.641	37.077	173.912	79.392	-75.153	-175.285	-71.238	-16.304	170.985	67.238	-97.955	-137.551	136.641	-178.307	-173.304	176.231	178.215	179.862	
46	-3.07132	-173.832	-25.223	-177.465	63.067	-86.698	0.072	-78.532	72.464	-178.351	156.137	-43.756	175.266	-156.217	137.499	-178.858	173.228	-104.377	-91.02	133.992	-179.015	-63.789	-70.827	175.734	-60.934	
47	-3.03121	-93.889	147.41	-171.478	62.219	95.29	-179.557	-90.19	63.198	179.934	80.422	-69.75	-176.341	-147.413	45.604	174.164	-58.358	-78.91	-160.734	-16.809	176.373	56.962	178.938	-179.984	-59.796	
48	-2.91318	-161.804	-33.441	176.36	-61.505	-67.939	0.175	78.818	-77.222	-169.375	-68.799	-23.966	-178.156	-75.741	-16.869	-174.569	-178.712	-106.261	-151.727	41.057	-177.956	51.859	173.67	-179.181	-61.46	
49	-2.6649	-84.417	146.936	-176.735	-69.982	-96.596	177.791	145.808	81.094	175.327	84.008	-63.794	-179.538	-65.745	-26.398	175.297	-61.069	-69.543	-148.942	141.981	-178.932	-169.4	179.49	-177.134	61.31	
50	-2.58747	78.453	-43.299	173.419	176.704	-132.366	16.863	79.786	26.158	172.288	62.871	-98.588	-177.48	-69.79	-26.549	-178.621	70.582	84.369	-72.775	146.088	179.507	-170.971	174.161	179.742	-60.022	
51	-2.58053	65.311	29.312	-176.298	-57.414	-69.563	-0.044	141.79	-27.494	-178.563	97.597	-55.73	162.468	-62.469	-21.01	167.356	64.728	82.618	-126.144	138.138	-178.479	-170.971	-179.186	175.719	-60.602	
52	-2.559	-83.18	157.779	-176.132	-63.267	108.149	1.33	-83.269	72.746	175.822	89.149	-68.459	176.598	-57.274	155.857	-169.027	64.838	-97.06	46.813	57.11	-176.384	-68.639	169.189	77.48	55.368	
53	-2.39939	-94.433	165.086	178.396	58.554	85.003	-1.933	-174.606	167.135	176.407	75.669	-78.469	-177.766	-74.955	-22.647	174.845	-179.329	-120.032	-131.216	159.881	-179.088	-68.544	-177.204	-178.474	-58.147	
54	-2.39662	-82.14	150.605	175.541	-63.701	98.921	179.025	-81.013	67.709	-172.898	85.133	-60.15	177.234	-144.183	-51.7	177.324	-64.854	100.353	-58.27	150.335	-179.097	69.71	-167.124	178.217	59.387	
55	-2.29376	-97.436	164.986	-171.712	47.98	87.444	-178.593	-76.82	83.749	166.313	81.452	-73.228	-176.802	-149.65	28.386	-175.544	58.19	-82.216	51.649	39.17	-178.038	-57.226	-178.77	-176.523	-59.303	
56	-2.1671	-73.82	50.173	-177.347	-52.532	98.532	179.724	80.193	46.724	-178.075	161.17	-63.699	174.009	-70.326	-28.936	-178.824	174.083	71.869	-160.487	140.856	179.794	-167.757	70.755	-178.987	-179.863	
57	-2.10447	-88.692	166.591	173.989	-65.396	104.8	-179.678	-157.341	136.861	-175.935	77.912	-65.287	173.651	-54.819	-41.66	-179.906	169.601	-106.348	-158.718	144.931	179.514	-173.548	174.429	179.176	179.888	
58	-2.09887	-79.5	134.895	175.663	170.063	-118.62	-0.077	56.373	33.877	179.727	77.444	-74.516	-166.543	-89.148	-30.534	-169.899	-56.607	105.301	-88.261	179.579	-179.79	-60.811	-177.225	-79.371	-174.122	
59	-2.08165	-157.694	152.917	-173.886	53.582	87.727	-1.44	-86.321	72.132	175.324	80.625	-67.741	-179.185	-77.602	156.577	178.785	-58.563	-71.552	52.774	57.474	178.762	-59.766	-179.472	-83.392	62.193	
60	-1.95577	-92.545	165.388	-177.047	64.296	92.022	-1.497	142.684	-69.668	169.793	-76.178	-15.136	174.312	-143.131	163.786	-177.846	63.762	-85.436	-78.285	-62.531	179.408	-67.742	-72.642	178.44	-60.231	
61	-1.95453	69.706	38.804	178.079	-58.851	112.37	179.536	-73.539	74.459	-176.013	149.424	-38.034	178.35	-89.825	-32.992	-171.824	177.966	-106.446	45.691	-105.912	177.405	-67.333	90.321	-175.08	-59.842	
62	-1.86515	-83.756	156.795	176.931	-62.885	93.232	179.799	-82.718	61.736	-166.715	78.849	-73.761	-178.759	-149.716	52.73	174.077	-60.224	-78.73	-159.514	-21.649	176.053	59.522	-178.041	-178.31	58.368	
63	-1.85383	-170.436	-30.095	-177.961	54.071	-87.969	166.664	70.512	-85.342	179.028	-85.674	137.315	-179.452	-73.977	79.037	178.424	-66.36	102.531	-69.032	131.52	-179.012	-172.146	175.722	179.877	179.972	
64	-1.84591	74.886	2.946	-177.942	-173.11	69.78	-178.886	-141.68	177.732	-178.733	68.26	-96.36	175.056	-86.039	-29.004	-178.438	-58.38	-72.606	-95.916	175.508	178.71	-63.565	-178.822	-179.228	60.071	
65	-1.60749	-87.083	44.409	179.148	-57.415	100.782	179.876	-139.561	38.927	175.851	79.379	-72.224	-175.551	-104.285	18.297	-177.493	-53.845	-77.776	-160.856	164.96	-179.869	61.219	-170.918	86.517	59.807	
66	-1.57857	-89.467	36.648	-176.844	-56.704	-78.521	-0.434	64.208	37.95	-177.705	70.013	-89.293	-178.751	-90.823	-36.713	-178.424	178.821	57.96	-164.162	156.028	-178.703	62.064	-173.243	178.743	179.986	
67	-1.55974	-93.344	157.138	171.941	55.442	85.449	-0.376	-140.657	26.32	179.2	-89.785	-17.572	-178.998	-156.539	164.319	177.006	63.197	-85.864	-133.374	-32.109	179.827	-64.8	-68.202	170.831	-60.526	
68	-1.51346	66.603	61.662	-179.423	-59.5	-72.978	0.085	91.06	27.4	169.98	82.502	-72.806	-174.895	-59.733	-45.394	177.197	175.901	79.072	-89.344	136.07	-178.654	-174.543	178.03	176.038	-60.611	
69	-1.44695	72.748	12.349	179.058	-58.91	-80.186	-178.622	76.939	50.461	177.406	71.313	51.165	-177.835	-155.917	161.462	-179.902	-177.288	-112.133	-57.898	-50.405	178.519	-172.943	69.118	-178.572	-179.793	
70	-1.40687	70.736	-4.741	-175.971	63.438	81.812	179.962	-164.757	44.654	173.617	63.92	-94.295	-177.249	-80.275	-21.529	178.176	-179.496	-106.279	53.824	43.975	-178.423	-59.824	178.506	-85.328	-60.225	
71	-1.21589	88.271	-23.525	-175.937	-174.736	-91.651	178.937	74.763	45.882	179.224	-174.539	-63.386	175.893	-77.991	-35.122	177.486	-55.648	123.945	-76.155	127.799	-178.568	-170.481	-178.217	-80.353	65.352	
72	-1.09767	52.589	16.065	-177.814	58.238	89.551	15.537	77.11	-170.683	-178.005	64.791	-106.809	176.75	-90.261	-21.961	-178.171	-56.707	-74.034	56.35	-156.007	178.979	-147.953	-179.353	-178.732	59.992	
73	-0.985037	-96.9	146.419	176.139	-59.493	98.616	179.803	69.855	24.444	174.944	101.554	-20.743	-175.068	-70.307	-32.538	-178.285	178.317	-104.945	-158.087	-40.344	179.931	-169.037	178.105	-82.146	63.613	
74	-0.931676	72.453	11.175	-176.921	-58.697	105.329	-0.149	133.307	-25.317	178.471	84.308	-61.359	172.724	-77.908	-12.522	178.185	-58.426	108.313	-153.394	178.541	178.33	59.619	-178.747	-179.863	179.835	
75	-0.548191	-88.445	33.726	-178.77	-65.449	114.918	-179.689	-64.694	102.807	-179.808	69.149	26.572	167.092	-89.143	-24.331	-175.028	-175.923	85.308	-86.682	157.168	-178.918	-62.041	-69.89	174.763	57.366	
76	-0.32016	-86.86	166.267	170.572	-59.527	-64.204	177.734	-72.815	76.935	-174.185	84.648	-68.49	175.754	-157.165	136.288	176.571	172.553	71.374	51.054	-101.755	177.726	-167.988	177.632	179.972	-59.997	
77	0.19976	-161.762	-33.032	177.388	-60.712	-72.342	179.989	77.95	-77.033	-167.26	-72.477	-17.137	-179.291	-72.737	-13.948	173.314	-176.995	-109.483	-146.797	27.7	-178.434	58.115	-94.112	-165.736	-52.98	
78	0.34814	-85.482	151.731	175.715	172.596	-106.617	3.1	-74.47	81.373	178.293	-56.715	109.705	-175.707	48.815	44.709	-179.991	-165.466	65.229	-151.559	-40.716	179.062	-171.554	175.829	179.709	179.98	
79	0.612132	-158.406	-37.304	-175.16	-56.739	-84.805	-179.494	145.038	-125.6	173.228	-77.37	66.376	-172.622	-81.843	-30.45	-179.023	-173.339	74.798	-157.509	138.487	-179.958	-171.712	174.989	179.968	179.985	
80	0.635713	177.156	-11.542	177.339	-174.295	79.195	-0.56	90.608	-65.522	177.03	-66.615	-23.747	176.396	-142.938	90.789	-174.545	-63.605	-72.213	50.171	56.543	10.729	-58.876	-176.137	-82.219	-57.162	
81	0.63905	-104.37	174.91	173.659	67.069	96.017	-1.261	93.023	13.298	173.338	88.602	-58.291	177.235	-60.326	-29.377	169.884	-62.219	110.75	-129.377	170.123	-179.047	-65.034	-176.202	84.154	178.011	
82	0.76012	-168.547	-30.886	175.596	173.315	51.002	-1.711	74.202	24.742	176.107	-155.331	33.607	-176.247	-96.468	-19.91	-176.618	65.231	83.346	-78.967	129.472	-178.821	-170.924	175.959	-179.955	60	
83	1.18253	64.759	1.476	-175.377	60.259	82.578	179.307	-171.095	51.367	171.434	68.863	-87.361	-176.869	-95.377	-11.666	-177.028	-177.282	-106.408	52.537	-145.236	179.03	-55.94	101.551	-176.917	-58.61	
84	1.22576	-161.989	-33.187	177.613	-64.023	101.66	-0.338	174.349	162.233	-177.775	-82.447	66.099	-178.954	-85.142	-31.552	177.16	-57.508	115.168	51.419	44.655	-178.288	-59.067	-178.677	-84.239	61.193	
85	1.93122	-90.342	38.772	-178.251	-57.07	-78.814	179.803	70.266	37.734	-179.799	-79.465	70.424	-178.424	-81.285	-30.833	177.675	-55.691	116.837	51.301	43.991	-178.296	-57.931	-177.335	-177.11	-179.773	
86	2.26623	-156.619	-33.519	176.745	-51.176	-69.359	178.854	-162.553	-139.353	177.557	-59.408	128.147	-174.355	47.179	50.203	-178	-52	104.476	55.135	-100.726	177.188	-167.275	74.323	-177.727	60.36	
87	2.65417	-156.942	-53.818	-177.661	-80.234	86.769	-179.696	61.272	-101.263	-178.032	-86.721	-26.29	-176.474	-72.312	145.893	-179	179.304	-123.095	-85.046	152.69	6.458	-65.838	-71.419	-85.052	-178.902	
88	2.6621	-171.46	-26.275	175.532	174.532	-124.535	178.4	77.275	23.078	178.044	-106.5	33.784	179.609	-166.461	-40.122	171.894	56.855	-85.6	-155.578	138.259	-179.942	-170.284	176.782	-84.212	-58.335	
89	4.01239	-87.955	162.546	-179.149	-66.733	102.805	179.907	-168.223	93.177	-174.109	80.066	-62.63	172.522	-150.52	-54.658	179.013	169.651	73.145	52.934	-102.248	177.996	-166.376	-175.293	-80.024	63.67	
90	4.04535	-37.988	-31.662	-178.819	-57.311	108.135	-179.81	171.235	64.083	176.675	63.637	-101.521	-179.578	-70.293	-28.673	178.615	-179.887	79.706	-62.879	-49.062	4.027	-170.398	-177.856	-82.131	63.367	
91	5.7607	-91.134	40.456	179.033	-62.37	-87.537	1.41	-73.386	-33.167	176.846	-177.948	170.008	179.648	48.389	47.97	-177.387	-167.251	-115.439	-156.891	130.284	-179.163	-171.617	69.599	-179.628	-179.754	
92	7.15698	-81.679	136.291	26.512	-74.264	90.982	-0.084	152.02	73.861	178.989	67.531	-93.91	174.439	-71.685	-34.047	179.217	178.854	-99.907	-81.091	156.816	178.222	-66.853	177.522	-86.295	58.193	
93	10.1919	74.681	8.52	179.621	-54.498	-74.287	178.215	163.667	-55.508	-178.627	-76.726	79.974	176.33	76.28	-53.614	170.517	-149.553	91.544	-58.098	-41.92	176.14	-174.116	179.963	172.631	178.198	
94	10.4437	173.342	-6.768	174.159	178.96	56.876	-0.781	88.151	-61.86	175.603	-77.075	-20.95	-175.998	54.71	-171.976	175.491	-41.58	-53.381	54.87	63.873	-0.161	-161.993	74.116	85.313	-60.752	
95	11.656	-134.095	59.883	36.009	-170.256	-117.391	33.81	60.509	56.077	-169.697	93.192	66.983	-172.108	-64.809	-33.282	177.27	-69.144	-78.614	53.882	69.291	-179.127	-163.883	179.602	179.802	-60.008	
96	12.3705	82.708	-7.066	174.199	-58.358	106.957	0.05	-58.971	-84.423	16.628	162.069	-50.77	-179.893	-139.191	35.878	-172.852	-51.601	97.446	-159.956	165.563	179.813	57.692	-176.763	174.084	178.889	
97	14.0949	-90.644	37.912	-176.419	-57.061	-78.705	0.041	58.669	60.683	31.255	61.628	37.723	-179.761	-74.273	-29.099	-179.398	-179.994	-108.084	-160.471	167.552	-179.934	59.365	-176.562	177.32	179.587	
98	44551.6	177.597	-16.253	171.919	39.713	80.481	69.248	89.698	100.879	-29.422	-158.025	49.747	161.998	-54.199	-120.681	-60.598	-123.857	-172.24	161.73	154.974	-179.288	-46.11	124.916	177.153	-117.822	
99	71606.4	-133.451	-10.796	-91.454	6.909	-77.109	2.701	-125.268	-162.12	100.545	-105.285	-54.966	118.796	37.19	142.04	176.578	150.921	-57.837	175.307	158.543	-178.966	-114.822	-72.392	-178.292	-66.969	
100	86151.5	-79.732	-142.999	96.033	-168.208	3.66	-99.158	-158.588	93.051	-110.753	44.42	127.195	97.569	55.7	-121.784	-83.141	-74.092	1.141	128.255	-137.987	-179.748	-77.617	144.555	-176.568	-58.947	
