1	-10.2817	-84.074	152.346	-179.093	179.361	-112.601	146.491	-159.255	69.111	177.464	66.246	-94.646	176.772	-77.75	-32.754	-177.107	178.974	80.224	-79.024	141.973	-178.848	-65.421	-179.208	-179.319	-59.935	
2	-10.2474	-84.294	151.4	179.195	176.492	-108.726	149.161	-162.398	76.579	178.364	70.142	-91.471	178.132	-99.374	-14.506	175.543	72.887	-94.027	-74.603	132.485	-178.933	-64.831	-176.658	-177.151	-57.228	
3	-10.1944	-84.131	153.275	-179.881	179.063	70.8	-36.071	-161.817	72.69	177.761	65.835	-95.674	178.136	-79.947	-27.286	179.745	72.318	84.579	-76.043	127.898	-178.826	-172.253	179.403	83.249	177.207	
4	-10.1514	-82.399	154.224	-176.97	-167.483	87.273	-146.367	-157.954	78.639	173.834	66.74	-95.639	177.584	-77.797	-32.635	-176.965	178.966	-99.844	-78.995	134.017	-178.397	-65.54	-179.26	-179.356	-59.943	
5	-10.1357	-84.276	153.779	179.954	178.775	-108.701	143.855	-162.816	74.299	177.825	65.334	-96.447	177.316	-77.851	-32.874	179.526	-179.402	-99.546	-70.449	128.382	-178.672	-172.985	178.977	83.595	-62.623	
6	-10.1337	-84.081	152.034	-179.478	178.827	-111.272	146.351	-159.71	70.739	177.392	66.853	-94.693	177.676	-81.608	-26.9	-179.247	72.593	-95.335	-77.987	131.656	-178.919	-171.335	176.595	179.481	179.904	
7	-9.99163	-82.864	155.212	-177.345	-167.185	87.853	-145.495	-160.526	79.675	174.517	66.938	-96.549	177.027	-78.738	-32.777	179.874	-179.36	80.461	-72.234	129.09	-178.388	-173.732	176.547	178.872	179.818	
8	-9.82545	-84.083	152.589	-179.342	179.036	-112.119	146.633	-160.177	70.486	177.372	66.548	-95.175	176.848	-78.491	-32.39	-177.045	179.362	80.434	-79.075	142.993	-178.878	-65.834	179.862	-84.074	-58.136	
9	-9.76839	-84.027	152.502	-179.035	179.293	-112.767	146.672	-159.456	69.222	177.356	66.238	-94.745	176.766	-77.596	-33.2	-176.779	178.591	81.164	-79.903	144.22	-178.871	-65.32	-71.262	179.403	-59.604	
10	-9.05447	-83.615	155.307	-178.061	-174.633	-100.068	12.965	-153.42	90.927	168.053	80.649	-76.3	-171.403	-136.866	19.745	-173.855	58.035	-85.927	-156.972	137.372	179.341	-171.839	174.966	179.949	179.995	
11	-8.88762	-81.835	145.787	-177.538	178.953	-119.103	153.682	-149.14	54.223	173.514	78.655	-77.501	-172.01	-70.828	-33.234	-177.899	178.207	-116.447	-160.939	168.563	179.094	60.934	-175.445	177.161	-60.391	
12	-8.54718	-82.43	154.172	-176.996	-167.326	87.306	-148.41	-158.475	79.03	174.214	68.55	-91.711	178.106	-87.531	-27.28	-179.171	-58.106	106.896	-77.945	133.722	-178.467	-66.378	177.542	82.703	-62.841	
13	-8.47254	-82.548	149.609	179.409	-179.676	77.099	-3.52	-168.259	46.563	174.762	77.903	-74.432	-177.878	-79.319	-7.852	174.372	68.575	-96.593	-138.816	166.643	-179.348	59.367	176.931	179.879	-60.211	
14	-8.20927	-82.767	149.71	178.56	179.054	-100.818	-1.653	-170.659	46.816	174.902	78.198	-73.786	-178.279	-77.833	-8.584	173.493	68.672	-96.799	-138.66	166.388	-179.257	60.137	177.531	-179.74	-60.027	
15	-8.20056	-81.967	152.427	-178.055	-166.913	-91.098	31.322	-159.481	79.532	176.949	70.752	-87.662	179.165	-105.357	-12.46	-176.358	69.218	-93.899	-73.754	-45.628	178.184	-66.476	179.047	-177.647	-58.963	
16	-8.15126	-84.093	153.095	-179.304	-179.596	71.439	179.395	-166.075	69.234	-179.624	63.77	-98.553	177.184	-69.339	-33.843	-178.705	177.897	80.041	-79.107	144.846	-178.741	-65.372	-179.18	-179.218	60.025	
17	-7.94723	-70.351	170.541	-176.676	63.463	88.03	-177.657	-62.981	93.875	-175.16	145.378	-37.231	177.483	-109.5	-48.388	-177.564	169.001	-112.585	-156.709	-63.631	-177.829	-173.933	175.606	179.905	-60.039	
18	-7.88807	-75.541	173.16	-172.41	60.385	91.762	-171.936	-57.345	118.249	178.1	88.81	28.252	174.519	-158.853	-51.188	177.53	175.467	-103.469	-153.118	-62.568	-179.87	-173.565	175.764	179.832	-60.006	
19	-7.79486	-168.686	-30.536	-179.096	-179.494	-92.452	175.958	-64.126	147.76	-178.325	81.289	-63.205	175.463	-55.612	-42.28	176.168	172.05	-120.242	-141.207	-10.986	-179.38	-79.549	-177.713	174.267	177.58	
20	-7.77939	53.73	13.082	-176.131	60.901	90.278	-151.814	75.662	-161.319	177.337	62.294	-115.647	-177.908	-87.495	-15.041	-178.713	-179.172	-108.488	50.75	41.018	-177.168	-59.336	-178.824	178.063	-64.409	
21	-7.75419	-84.26	151.639	179.319	177.488	74.619	-178.956	-166.489	76.586	-179.077	67.495	-95.852	179.798	-92.686	-15.033	173.668	74.476	-94.38	-74.919	133.465	-178.851	-64.746	-175.944	-176.943	-56.786	
22	-7.69742	-82.224	144.348	179.92	178.734	-108.767	144.1	-148.508	66.983	178.401	66.449	-93.067	176.82	-83.401	-29.997	-175.407	-179.974	-99.773	-74.818	-43.201	173.028	-66.294	-179.74	-179.203	-59.914	
23	-7.68186	-82.364	144.529	179.881	178.366	-109.043	145.037	-149.104	67.271	178.029	67.292	-92.271	177.213	-87.082	-25.814	-177.041	71.954	-95.476	-74.936	-47.051	174.409	-170.552	176.793	179.725	-60.011	
24	-7.6305	-175.199	-21.453	179.346	53.8	-92.964	1.07	-131.562	53.91	177.928	67.306	-93.99	177.849	-82.192	-27.551	-179.173	-58.84	-71.872	-82.705	119.932	-176.494	-64.033	-178.489	-179.246	-59.929	
25	-7.51173	81.248	-9.913	177.234	174.431	59.933	-147.167	75.366	28.672	172.577	77.564	-76.576	-176.2	-92.72	-42.466	-175.333	177.204	71.382	-162.909	142.066	-177.417	-171.507	174.204	-179.891	-60.009	
26	-7.50616	-179.729	-16.977	178.507	61.135	88.9	-3.749	69.287	-91.168	175.956	-145.358	30.696	176.485	-71.799	-29.854	179.529	179.079	79.284	-72.424	129.159	-178.352	-69.016	178.689	178.083	178.358	
27	-7.50368	-85.7	155.392	179.668	177.921	66.436	-25.099	-169.602	75.676	-175.753	73.09	-73.998	170.088	-97.736	-45.404	-175.745	176.372	70.714	-163.274	144.422	-179.509	-171.497	173.85	179.941	59.973	
28	-7.49978	-167.701	-30.916	-177.663	-177.575	-100.148	179.822	-72.825	76.585	179.752	165.59	-61.936	-179.17	-97.439	-12.421	172.54	66.622	-95.946	52.888	-113.546	177.607	-57.932	-67.405	177.956	-58.942	
29	-7.49203	67.663	17.847	178.144	-170.332	-113.789	-176.168	58.542	40.387	-179.139	78.18	-71.287	-177.763	-143.614	23.149	-172.052	56.802	95.47	-89.841	111.581	-178.013	-169.886	177.552	179.82	-60.029	
30	-7.48157	-84.015	152.453	-179.715	179.491	-108.073	0.042	-165.668	70.819	-179.815	65.458	-94.886	178.487	-79.593	-27.84	179.293	-59.303	-71.386	-79.107	144.119	-178.879	-65.289	-179.428	-179.187	-59.922	
31	-7.33769	-165.88	-35.926	-177.363	179.419	-90.11	176.483	-62.749	147.211	-178.774	83.824	-61.363	-179.855	-66.612	-37.186	-179.358	-58.343	-68.855	-137.543	-17.455	-179.399	-64.377	-174.599	-178.755	-179.878	
32	-7.33554	-80.83	146.119	-177.243	-168.735	-88.344	39.36	-150.787	74.996	177.429	66.225	-94.174	176.746	-83.602	-30.192	-176.093	-179.95	-99.785	-74.087	-42.416	170.778	-66.467	-179.736	-179.259	-59.884	
33	-7.11004	68.442	13.465	-173.836	-167.321	-111.011	4.169	-65.843	-24.018	-179.505	-64.453	-30.055	-175.379	-89.207	-22.646	179.137	-67.291	-89.236	-69.463	130.699	-178.416	-69.198	-177.394	-173.262	-55.425	
34	-7.09422	-177.133	-15.999	172.103	55.563	-87.574	-167.944	102.264	-159.722	-178.236	68.045	-84.362	177.524	-93.625	-39.948	-177.596	-61.373	100.753	-166.662	163.083	179.288	57.082	-178.628	178.155	-179.465	
35	-7.07142	-84.042	152.372	178.577	179.153	-109.796	150.547	-165.401	71.404	-173.57	75.517	-68.135	171.179	-73.991	155.806	-179.881	-179.202	-107.952	-57.543	120.56	-178.606	-174.885	172.851	80.348	-64.157	
36	-7.04732	-81.337	145.818	178.247	-166.826	95.686	-151.051	-159.565	83.666	-171.394	80.889	-55.014	168.764	-127.932	167.523	-178.926	58.33	-89.922	-78.961	-60.974	179.701	-171.144	176.084	-179.701	-59.99	
37	-6.95679	-86.729	155.062	179.077	176.405	-113.115	156.908	-170.149	78.708	-176.95	75.486	-72.734	174.27	-99.102	-45.561	-176.828	-59.683	102.043	-165.887	-12.976	-179.821	57.726	-179.119	179.061	179.924	
38	-6.85441	-81.195	141.745	-171.613	178.292	53.743	2.329	-61.642	-39.285	-177.379	-65.434	-34.485	-178.803	-79.976	-36.383	179.417	178.602	-103.847	-157.433	122.482	-178.21	-173.227	175.524	179.969	60.041	
39	-6.85165	83.088	-14.148	178.1	173.918	60.225	-147.564	79.689	29.282	172.157	77.259	-76.653	-177.778	-96.203	-39.62	-178.052	-58.662	102.99	-165.658	160.408	-177.629	57.322	-178.7	179.067	-60.105	
40	-6.83572	-163.717	-38.489	179.308	-178.382	92.133	-0.634	-160.254	63.09	177.839	65.529	-98.008	177.309	-70.788	-27.904	178.541	72.567	-94.685	-82.118	-39.563	168.33	-169.747	171.285	174.875	179.741	
41	-6.82631	175.533	-8.418	176.047	62.199	-84.992	-166.639	81.673	-143.211	179.869	65.964	-98.264	177.137	-86.35	-27.064	179.813	-58.286	107.144	-74.836	128.87	-178.608	-172.731	177.177	179.513	179.947	
42	-6.81939	-80.449	149.237	-178.171	178.015	64.214	-178.971	-64.426	148.358	-178.876	83.422	-63.125	173.349	-57.663	-38.336	172.723	173.067	-120.949	-136.594	162.646	-179.681	-76.222	-179.371	172.591	-62.887	
43	-6.78605	69.492	11.239	-176.432	-169.83	68.896	-4.896	-63.442	-28.181	179.134	-62.747	-26.052	-178.613	-112.659	18.555	-177.72	-53.866	-79.663	-161.317	101.416	-178.883	-173.335	175.457	179.956	60.012	
44	-6.7435	-84.362	26.313	-174.681	-160.494	-113.633	173.969	-76.457	-20.344	176.005	-62.856	-29.652	176.561	-92.588	-44.05	175.701	-64.012	-89.503	-95.802	82.669	-177.007	-68.919	-179.489	177.82	-59.569	
45	-6.70618	-173.175	-20.543	177.307	-68.448	-75.73	0.291	85.065	-68.534	-179.317	-68.385	-52.636	-178.337	-81.631	-23.684	174.07	-176.983	59.029	-138.794	99.46	-176.764	-69.294	-170.757	-172.002	-55.913	
46	-6.70273	-175.584	123.158	175.4	49.877	-84.055	175.904	58.368	-109.766	-173.6	-79.704	-27.866	-176.968	-69.893	-42.23	178.166	179.225	-99.316	-164.682	135.571	-178.775	-172.225	175.377	179.861	179.979	
47	-6.64024	-83.062	155.425	175.127	-59.944	101.799	-0.169	-76.656	73.025	-172.049	77.86	-70.865	173.249	-143.04	19.627	-171.17	57.708	-85.526	-108.064	122.145	179.933	-63.248	-179.319	-176.096	-57.872	
48	-6.57041	-85.517	156.267	-179.638	175.37	-111.721	156.224	-172.347	78.971	-177.756	77.192	-73.984	176.864	-142.113	26.789	-179.328	-57.059	100.613	-78.398	-45.672	179.668	-169.099	178.18	179.474	59.932	
49	-6.56439	-83.019	159.454	177.294	-172.073	85.538	3.809	103.698	140.139	179.735	77.085	-74.446	-176.798	-80.37	-15.828	173.503	71.329	-95.251	-151.967	128.732	180	-170.604	-177.562	178.621	179.812	
50	-6.55117	-165.115	156.969	175.672	59.151	90.307	-7.663	53.169	-127.767	175.073	-108.118	10.859	-179.403	-83.989	-36.709	175.873	-176.179	84.712	-156.062	-42.872	176.99	-170.088	70.31	-178.881	-59.869	
51	-6.54611	50.252	18.72	-177.257	52.84	-93.958	1.865	92.65	154.744	179.486	75.401	-75.81	-177.167	-72.506	-36.332	179.941	176.715	-121.392	-161.655	163.92	179.626	61.035	-175.217	176.544	-62.372	
52	-6.52946	-84.748	22.818	-174.474	48.943	-94.106	-0.013	72.833	-167.184	178.167	63.439	-102.032	-178.683	-85.88	-20.834	176.479	-177.859	-120.852	-133.73	80.045	178.624	-64.591	-170.977	-177.29	-57.334	
53	-6.52048	-168.583	-35.766	-177.811	170.47	60.117	179.663	66.873	-149.242	176.245	64.168	-96.736	175.93	-69.441	-35.216	-179.234	178.73	-101.082	-83.706	135.578	-178.449	-64.658	-178.635	-174.112	60.914	
54	-6.30377	-94.111	144.346	-178.478	56.067	-88.74	174.043	61.985	-99.688	173.106	-143.859	30.001	-178.375	-79.998	-38.591	179.955	-178.967	79.352	-82.96	135.531	-178.644	-66.964	-179.874	-178.917	-60.147	
55	-6.29293	177.689	-9.51	169.77	-179.859	50.327	-5.41	60.868	42.693	179.588	77.691	-71.799	179.067	-146.832	32.84	-176.236	-59.622	102.584	-84.673	130.758	-179.138	-165.448	-177.925	-81.312	-56.009	
56	-6.27069	-50.552	-51.412	-179.921	179.429	-95.15	-177.949	-70.431	-35.519	178.337	-76.072	-33.969	-179.689	-70.075	-40.523	175.967	179.615	71.496	-85.609	-6.693	-179.706	-66.993	-177.83	175.167	-59.875	
57	-6.19469	-80.72	140.614	-168.007	179.379	-123.199	-1.543	-66.33	-23.092	177.127	-57.249	-40.549	-178.302	-93.878	-39.67	-175.165	-49.741	-45.311	-84.427	-64.341	176.481	-65.538	179.968	-179.033	-60.335	
58	-6.18065	-92.879	44.777	176.295	-51.979	-64.524	0.388	80.708	-79.453	-179.393	-70.278	-40.29	177.333	-74.055	-32.387	-177.252	175.873	-107.485	-162.738	119.572	-178.013	-171.029	70.629	-179.027	-179.87	
59	-5.93627	-37.616	-39.658	-178.17	-175.647	-95.095	170.016	-64.242	107.826	-178.289	75.737	39.769	-179.5	-155.513	-49.482	175.275	173.461	-122.615	-136.142	-2.754	177.958	-78.289	179.797	174.517	177.566	
60	-5.92333	82.133	-31.417	-178.456	-173.59	-87.371	3.001	83.815	46.448	178.648	175.092	-74.777	176.895	-69.659	-30.564	-179.738	177.229	-115.98	-162.848	168.358	179.503	59.723	-175.128	177.057	-60.95	
61	-5.90274	59.717	154.455	-178.304	-171.748	83.928	-159.72	-163.112	90.4	175.932	83.938	-73.16	-176.13	-155.056	51.893	175.063	-170.78	-117.467	-84.318	125.023	-179.049	-69.473	-179.592	179.117	57.732	
62	-5.87579	-167.282	-49.857	-174.529	163.063	-114.615	-179.744	65.495	-95.719	178.695	63.212	-97.842	179.828	-81.413	-27.003	-179.265	-55.807	-67.855	-83.604	127.465	-178.489	-63.983	-179.898	-82.006	-176.323	
63	-5.7744	-77.704	155.284	178.469	-178.84	-101.529	2.359	-71.789	76.821	179.7	161.955	-53.698	179.575	-92.181	-24.759	178.717	-54.762	-60.488	52.55	-142.659	178.577	-54.461	-66.065	-178.687	-58.208	
64	-5.76755	-85.462	156.828	175.966	177.084	-106.423	3.463	-70.31	76.802	-177.195	160.655	-43.729	173.815	-85.253	-39.798	177.436	178.34	71.114	51.222	-135.51	178.123	-54.445	-173.348	-177.564	-59.877	
65	-5.76167	178.24	-12.448	179.825	-172.337	-98.24	179.303	93.38	-65.299	-178.522	-62.224	-49.576	-176.703	-87.42	-23.654	-179.604	-51.875	-48.113	-156.13	111.412	-178.174	-173.371	176.03	179.792	179.975	
66	-5.70229	-87.119	157.557	-179.585	-173.326	-95.119	-171.973	97.451	133.547	-179.113	77.782	-70.39	-179.298	-67.754	-32.576	-179.654	177.296	-116.478	-160.206	158.317	-177.149	59.103	-175.158	176.276	-57.596	
67	-5.68027	-169.511	-29.06	178.478	-178.726	58.759	2.72	90.057	23.151	170.442	67.132	-93.378	-178.807	-77.029	-26.187	-177.773	71.497	-95.723	-74.265	130.282	-178.072	-171.433	176.49	179.713	179.962	
68	-5.64635	-171.744	-25.232	178.439	69.128	97.098	-5.048	77.13	-74.241	-173.994	160.324	-37.611	173.898	-59.257	-30.211	178.396	67.397	-94.502	-75	-46.545	177.574	-171.608	176.228	179.491	-60.053	
69	-5.61882	179.672	-17.558	-179.675	55.442	86.282	-2.84	69.968	-89.374	173.888	-144.384	27.544	178.086	-81.796	-30.321	-179.811	-179.047	-100.405	-69.789	-44.432	178.271	-172.108	175.662	179.857	-60.006	
70	-5.58153	-83.125	153.16	-176.813	-169.88	-95.107	22.107	-153.58	80.558	169.423	77.029	-81.561	-170.902	-86.418	-32.088	-175.316	-179.604	-112.505	-159.912	163.329	-4.845	60.645	-176.403	177.278	59.579	
71	-5.56481	-83.769	148.835	179.501	177.064	-118.182	158.959	-158.797	66.149	179.903	80.538	-67.162	-179.195	-84.096	158.615	178.545	-57.977	106.681	-163.239	-11.355	-179.809	53.568	178.5	176.071	179.358	
72	-5.54611	-167.784	-25.295	-174.843	55.653	-90.061	1.312	-86.304	64.375	-179.401	63.252	-101.556	177.236	-75.788	-32.403	-179.756	-179.568	-99.573	-75.077	132.58	-179.17	-173.163	-93.764	179.306	-59.679	
73	-5.32901	-89.579	156.056	178.349	-178.198	-98.163	-176.701	79.978	34.91	-178.191	163.583	-57.317	175.177	-74.247	-33.42	179.047	177.35	-118.729	-162.479	175.985	-179.851	59.63	-175.606	178.835	-59.648	
74	-5.22292	-82.159	147.718	-176.738	-179.335	-119.876	150.186	-149.158	49.702	173.494	76.748	-80.937	-169.262	-90.917	-9.012	170.494	70.996	86.949	-138.385	156.188	179.558	-95.96	-178.763	-176.843	-59.652	
75	-5.18369	-75.867	149.889	178.828	178.03	-110.147	-179.181	-168.99	43.169	-179.418	76.529	-74.831	-170.328	-80.62	-16.06	-178.844	68.71	82.508	-67.124	-43.731	177.996	-66.054	-174.221	-176.007	59.97	
76	-5.16202	-85.3	151.605	179.343	174.928	-107.894	2.935	-80.22	68.182	-179.679	-91.264	-11.739	-177.771	-138.591	20.235	-175.235	57.318	-84.708	-166.409	-13.266	178.84	56.071	179.417	179.356	61.485	
77	-5.06701	48.622	139.205	171.832	167.042	-122.87	-173.174	-98.776	-119.378	176.614	63.625	-107.805	178.279	-80.999	-27.872	-179.328	-56.107	-57.562	-80.975	133.886	-179.323	-173.59	176.388	178.896	-60.148	
78	-5.0517	-158.575	-37.305	171.295	-61.28	-66.456	-179.457	61.405	-102.111	-170.928	-77.967	-28.707	-176.414	-64.81	-43.473	170.516	175.511	-126.898	-166.161	-12.97	177.08	58.84	-176.981	-179.589	-59.879	
79	-5.0284	-84.56	162.853	-176.922	56.903	90.592	-176.634	-75.988	84.437	176.416	-172.688	-128.813	-178.055	-62.591	-31.76	-177.963	175.092	-106.405	-147.862	114.723	-178.658	-175.819	172.413	78.365	-66.15	
80	-5.01799	-88.992	158.432	175.603	-175.15	78.369	1.113	65.168	-100.139	178.286	-68.013	-25.813	176.015	-119.032	45.708	176.555	-54.462	99.262	-71.852	-46.714	179.108	-169.292	71.425	179.557	-179.944	
81	-4.98102	-88.006	154.234	170.989	62.681	91.596	-3.094	68.42	15.887	179.74	70.576	17.557	178.784	-96.77	-33.552	-178.381	-53.276	131.764	-162.531	179.725	179.498	59.672	-174.435	87.063	179.829	
82	-4.90993	-38.794	-35.697	-178.32	-53.477	123.24	-179.898	-152.742	40.852	172.432	77.466	-75.33	-177.26	-77.649	-8.375	173.305	69.222	-96.691	-137.505	153.436	-175.972	56.294	175.187	-178.503	-179.624	
83	-4.76582	-161.828	-36.236	174.567	-65.533	115.109	179.617	62.042	-105.445	-175.975	-74.608	-23.661	-178.693	-82.488	-12.404	-178.205	-175.486	82.046	-61.136	128.915	-178.418	-167.573	176.432	-179.161	-179.876	
84	-4.30166	-83.556	152.077	177.617	-62.17	114.755	179.807	-178.35	141.388	177.151	76.924	-76.085	-177.097	-76.64	-16.075	174.502	68.695	-96.216	-152.663	143.481	179.885	179.498	169.673	170.205	178.764	
85	-4.11998	-78.259	159.027	177.459	-173.249	84.327	5.385	111.774	127.053	178.838	78.553	-76.307	-177.794	-75.558	-19.461	166.003	75.569	-92.717	-137.684	133.339	-178.6	-89.528	-178.003	-176.686	60.406	
86	-4.11693	-84.892	130.61	172.155	53.814	93.896	-8.369	61.164	29.294	174.015	100.837	-18.01	-176.019	-71.83	-26.503	-179.474	-172.738	-93.397	-159.598	141.188	179.915	-172.111	174.625	179.879	-60.051	
87	-4.11623	-92.299	151.409	-176.361	63.217	-85.908	-0.849	59.172	59.119	-174.659	84.012	-63.754	176.807	-146.703	-52.11	175.665	-66.577	-78.683	-151.547	-35.554	178.564	-167.375	177.791	-178.684	-59.243	
88	-4.04253	-76.41	93.739	-178.9	173.026	-124.036	142.722	-90.749	-15.524	-172.214	-84.538	63.451	-178.689	-72.712	-29.439	179.145	-62.279	110.723	-155.086	134.765	179.982	-169.428	70.511	-178.879	-179.847	
89	-3.78159	68.961	21.137	-177.156	-58.413	-72.173	1.321	84.781	93.494	-176.556	81.665	-68.051	175.274	-68.836	132.401	-177.683	175.229	-122.378	-87.565	-29.267	179.362	-64.678	-178.761	-179.535	59.902	
90	-3.70842	-88.246	104.12	172.887	169.493	42.28	-0.94	56.918	-136.453	173.25	-101.775	10.72	-177.59	-88.773	-30.364	175.58	-54.283	103.696	-150.345	136.149	-179.598	-168.176	70.939	-178.925	-179.854	
91	-3.63017	-159.952	-36.706	177.704	-67.414	-84.887	-179.959	69.672	22.328	176.241	86.379	-61.485	-167.738	-62.96	-29.864	179.568	70.911	85.164	-79.748	124.432	-178.467	-168.154	-179.994	177.026	59.464	
92	-3.59028	-38.438	-40.294	177.547	-178.791	-98.996	0.273	179.134	54.603	179.551	66.39	-95.816	-177.036	-94.415	-14.717	-177.634	71.246	-95.084	-71.36	-32.2	177.414	-66.893	179.466	-177.725	-59.073	
93	-2.99405	169.94	51.436	179.53	-60.842	118.56	179.548	69.996	37.494	-177.103	163.8	-57.347	170.307	-66.268	-36.475	176.108	174.178	75.944	-154.386	140.407	179.997	-167.322	70.957	-178.975	-179.866	
94	-2.73299	-36.885	-33.432	179.764	-173.057	-91.773	4.849	-72.312	77.273	-179.607	175.89	-54.473	178.575	-142.428	27.237	179.33	-56.735	-79.908	49.234	-118.07	178.113	-61.897	-174.986	178.474	-60.217	
95	-2.66495	-84.126	146.832	-176.728	-69.957	-96.538	177.787	145.928	81.031	175.308	84.012	-63.773	-179.541	-65.788	-26.336	175.281	-61.039	-69.506	-148.948	141.996	-178.908	-169.414	179.455	-177.169	61.294	
96	-2.62169	75.07	2.645	-177.965	-173.186	69.908	-178.877	-140.372	176.769	-178.735	67.441	-100.241	174.613	-79.369	-31.337	-177.883	-179.188	-103.927	-95.926	175.999	178.744	-62.563	-177.234	-179.365	60.033	
97	-2.58747	78.453	-43.299	173.419	176.704	-132.366	16.863	79.786	26.158	172.288	62.871	-98.588	-177.48	-69.79	-26.549	-178.621	70.582	84.369	-72.775	146.088	179.507	-170.971	174.161	179.742	-60.022	
98	-1.40688	70.734	-4.741	-175.973	63.433	81.812	179.967	-164.769	44.669	173.613	63.919	-94.307	-177.237	-80.275	-21.542	178.177	-179.499	-106.285	53.823	43.974	-178.424	-59.814	178.488	-85.337	-60.239	
99	2.26619	-156.613	-33.522	176.742	-51.183	-69.36	178.853	-162.542	-139.366	177.56	-59.403	128.146	-174.35	47.184	50.197	-177.999	-51.999	104.491	55.131	-100.727	177.201	-167.273	74.327	-177.74	-59.652	
100	9.71905	-78.334	131.745	39.163	-71.469	108.627	-175.634	-99.553	157.59	-171.345	64.715	-95.391	175.063	-145.966	30.626	-178.992	-59.097	101.438	-70.987	138.714	-178.95	-72.514	172.251	-176.663	-59.542	
