1	-11.7072	-83.468	155.816	-177.17	-173.2	79.374	-166.344	-154.336	86.016	168.501	82.928	-75.136	-169.977	-136.842	19.118	-174.114	58.851	-85.471	-163.456	160.958	-179.79	52.873	175.321	-179.876	-178.615	
2	-11.7065	-83.436	155.78	-177.12	-173.168	-100.666	13.67	-154.252	85.79	168.492	82.982	-75.034	-169.983	-136.817	19.083	-174.084	58.88	-85.491	-163.451	160.965	-179.791	52.884	175.292	-179.834	-58.579	
3	-11.2296	-77.867	122.042	-171.075	177.368	73.823	-155.085	-104.189	61.888	167.533	86.243	-62.563	-172.944	-134.619	18.813	-174.077	58.453	-85.826	-162.655	157.646	-179.535	52.472	175.496	179.992	-178.516	
4	-10.9641	-78.796	142.974	-167.847	-164.966	75.797	-159.628	-90.107	60.018	178.434	67.322	-89.183	175.444	-94.46	-31.36	-171.377	179.512	78.759	-88.683	145.042	178.966	-63.863	-178.338	-179.471	-59.953	
5	-10.5529	-77.924	139.489	-167.164	-163.95	79.396	-156.154	-89.878	60.826	178.987	69.23	-86.501	174.988	-100.136	-25.523	-172.659	72.471	-93.753	-83.323	133.666	178.069	-169.494	176.253	179.951	-59.923	
6	-10.5529	-77.953	139.47	-167.168	-163.96	79.352	-156.145	-89.851	60.854	178.98	69.226	-86.524	175.004	-100.147	-25.496	-172.663	72.467	-93.735	-83.379	133.668	178.031	-169.531	176.302	-179.953	-59.988	
7	-10.3662	-76.359	133.924	-168.819	-161.116	73.781	-153.072	-87.003	64.148	-179.285	68.164	-86.791	175.799	-99.323	-26.755	-171.928	179.46	79.259	-83.506	139.712	179.203	-64.491	-178.8	-179.365	-59.936	
8	-10.2998	68.148	16.704	178.341	-170.238	64.602	-173.099	57.586	37.18	-179.443	81.547	-70.13	-172.962	-141.158	18.176	-168.089	57.731	93.919	-103.625	108.255	-179.522	-66.3	176.206	-174.339	-58.46	
9	-10.2817	-84.074	152.346	-179.093	179.361	-112.601	146.491	-159.255	69.111	177.464	66.246	-94.646	176.772	-77.75	-32.754	-177.107	178.974	80.224	-79.024	141.973	-178.848	-65.421	-179.208	-179.319	-59.935	
10	-10.2816	-81.971	145.185	-177.609	178.158	-119.532	155.613	-149.064	54.143	173.638	81.166	-70.993	-172.234	-117.991	12.811	-175.072	60.132	-90.028	-156.555	168.577	179.968	53.702	175.561	178.801	-58.408	
11	-10.2809	-84.043	152.304	-179.089	179.32	67.375	-33.485	-159.187	69.106	177.413	66.267	-94.667	176.763	-77.738	-32.744	-177.097	178.974	80.218	-79.034	141.847	-178.844	-65.411	-179.192	-179.377	-59.988	
12	-10.2799	-163	-40.49	-177.765	-172.21	93.339	-177.568	64.986	-89.663	174.162	-152.879	34.658	-178.871	-155.139	159.561	179.438	51.497	-97.466	-80.334	-43.481	178.996	-66.435	179.794	-179.897	-59.969	
13	-10.2795	-82.802	155.63	-177.665	-167.029	88.512	-144.126	-161.759	79.221	174.981	66.743	-96.356	178.297	-79.951	-27.25	179.361	72.416	-95.392	-76.931	126.772	-178.514	-173.61	177.826	81.849	-64.23	
14	-10.2474	-84.294	151.4	179.195	176.492	-108.726	149.161	-162.398	76.579	178.364	70.142	-91.471	178.132	-99.374	-14.506	175.543	72.887	-94.027	-74.603	132.485	-178.933	-64.831	-176.658	-177.151	-57.228	
15	-10.2427	-83.016	155.828	-177.879	-167.132	88.556	-144.261	-162.085	80.407	174.885	66.369	-97.061	177.319	-77.619	-33.112	179.165	-179.467	80.475	-71.26	127.422	-178.366	-174.28	177.397	82.13	-63.983	
16	-10.1959	-84.2	153.351	-179.898	179.082	-109.187	143.97	-161.94	72.759	177.789	65.815	-95.728	178.145	-79.941	-27.255	179.759	72.319	-95.423	-76.065	128.047	-178.837	-172.239	179.37	83.23	-62.805	
17	-10.1515	-82.402	154.257	-176.993	-167.466	87.277	-146.363	-158.008	78.665	173.845	66.734	-95.648	177.59	-77.816	-32.62	-176.98	178.983	80.206	-79.004	134.115	-178.4	-65.524	-179.249	-179.32	-59.931	
18	-10.1512	-82.4	154.268	-176.962	-167.477	-92.728	33.651	-158.044	78.665	173.849	66.756	-95.633	177.573	-77.866	-32.604	-176.94	179.021	80.24	-78.994	134.106	-178.399	-65.528	-179.272	-179.324	-59.96	
19	-10.1414	-82.36	153.663	-176.83	-167.528	87.599	-151.441	-159.938	81.721	174.871	72.524	-90.28	177.059	-102.524	-13.763	176.1	72.16	-93.72	-75.288	128.225	-178.576	-64.761	-176.686	-177.161	-177.203	
20	-10.1358	-84.27	153.771	179.939	178.821	-108.74	143.832	-162.792	74.24	177.835	65.357	-96.4	177.297	-77.889	-32.865	179.535	-179.408	80.372	-70.438	128.38	-178.676	-172.965	178.98	83.582	-62.627	
21	-10.1337	-84.081	152.034	-179.478	178.827	-111.272	146.351	-159.71	70.739	177.392	66.853	-94.693	177.676	-81.608	-26.9	-179.247	72.593	-95.335	-77.987	131.656	-178.919	-171.335	176.595	179.481	179.904	
22	-10.1333	-84.127	151.99	-179.463	178.817	-111.29	146.362	-159.618	70.673	177.387	66.838	-94.652	177.681	-81.59	-26.911	-179.238	72.62	84.671	-78.011	131.563	-178.916	-171.33	176.609	179.45	-60.093	
23	-10.1243	-169.654	-27.996	178.18	-175.723	84.385	-154.408	79.442	-72.709	-174.791	141.442	-31.743	-179.417	-71.794	-20.361	176.211	70.336	-95.42	-65.92	135.355	-179.091	-69.967	-174.749	-171.07	-177.731	
24	-10.0692	-82.649	154.749	-177.056	-167.214	87.672	-146.441	-159.643	78.81	174.342	67.703	-95.038	178.045	-82.548	-26.775	-179.354	72.647	-95.319	-78.371	128.878	-178.546	-172.187	176.566	179.303	-60.116	
25	-9.97867	-83.055	154.372	-177.309	-173.175	81.03	-165.389	-154.027	87.304	169.26	81.78	-76.278	-173.832	-140.411	29.666	179.737	-55.753	101.298	-163.101	160.817	-179.82	52.189	173.82	179.775	-59.869	
26	-9.91413	179.43	-17.557	-178.277	178.947	-99.654	173.632	-59.687	-37.715	-178.81	-67.247	-39.774	179.757	-71.374	-38.454	-179.698	174.473	78.512	-160.605	122.084	-178.089	-174.945	175.129	179.352	-60.106	
27	-9.83724	178.521	-15.771	-179.742	179.683	-99.195	-2.167	-59.452	-36.936	-179.305	-67.747	-39.36	179.756	-70.854	-39.448	179.533	177.191	-99.545	-160.664	123.169	-177.974	-174.735	174.587	179.251	-60.096	
28	-9.82545	-84.083	152.589	-179.342	179.036	-112.119	146.633	-160.177	70.486	177.372	66.548	-95.175	176.848	-78.491	-32.39	-177.045	179.362	80.434	-79.075	142.993	-178.878	-65.834	179.862	-84.074	-58.136	
29	-9.80371	178.571	-16.597	-178.485	178.522	-98.285	-0.137	-58.735	-35.599	-179.087	-66.051	-40.139	-179.753	-72.64	-41.143	178.219	175.727	-99.687	-160.59	124.673	-178.125	-173.015	174.979	-178.683	-179.882	
30	-9.76841	-84.025	152.512	-179.038	179.298	-112.77	146.694	-159.471	69.217	177.366	66.24	-94.761	176.759	-77.584	-33.216	-176.774	178.584	81.166	-79.893	144.227	-178.872	-65.339	-71.277	179.428	-59.579	
31	-9.62278	-174.102	-26.448	-175.808	179.335	-99.676	-1.711	-56.784	-37.62	-178.458	-66.175	-40.444	-179.349	-72.824	-38.489	-178.132	172.43	-106.72	-161.59	124.036	-178.161	-175.092	173.323	178.718	-60.183	
32	-9.60712	177.799	-13.804	179.227	-177.397	-99.714	177.842	-59.353	-35.809	-179.635	-67.73	-39.516	179.846	-71.152	-38.47	177.872	177.699	83.11	-160.117	122.931	-177.971	-176.066	173.303	179.653	-60.056	
33	-9.43701	-77.398	130.021	-172.221	-176.068	67.436	-158.197	-79.259	-35.29	-174.143	145.965	-39.719	175.934	-137.112	19.359	-172.908	58.571	-85.129	-164.462	155.636	-179.583	55.538	178.761	179.366	-58.591	
34	-9.43617	-81.712	141.257	179.785	176.418	63.673	-24.061	-146.37	59.523	174.728	81.454	-70.392	-175.317	-135.558	18.808	-173.618	58.758	-85.674	-162.864	-179.307	179.845	52.958	173.86	179.512	-178.892	
35	-9.41757	-81.526	151.206	177.441	-170.598	91.844	-3.537	-165.814	149.366	178.497	67.844	-92.139	-176.447	-146.997	21.923	-171.707	58.433	-84.093	-163.365	168.57	-179.743	55.006	178.633	176.1	-60	
36	-9.41246	-97.311	171.019	-178.393	65.871	94.082	179.174	-64.17	94.257	-177.116	153.624	-64.933	170.92	-76.271	-26.581	172.187	176.816	-121.51	-122.465	160.603	-179.27	-59.195	-175.31	-177.353	-57.778	
37	-9.40366	-174.137	-24.609	-179.598	178.803	78.614	-175.5	-60.577	-54.277	179.177	-83.07	59.969	-174.583	-173.985	-49.435	178.614	159.265	70.839	-153.948	125.775	-179.313	-175.486	174.356	177.112	-60.553	
38	-9.40048	-97.013	170.998	-178.447	66.091	94.097	-1.177	-64.217	94.16	-177.291	153.798	-64.666	170.923	-76.521	-26.76	172.15	176.829	-121.51	-122.258	160.911	-179.285	-59.137	-175.324	-177.36	-57.814	
39	-9.32669	177.13	-11.482	177.974	-173.316	-102.038	2.035	-60.093	-35.652	179.727	-70.219	-37.605	-179.508	-72.605	-33.998	177.008	-179.603	-94.926	-154.331	121.36	-177.59	-171.905	174.137	-176.747	-60.383	
40	-9.30931	-97.165	171.217	-178.624	66.449	94.489	-1.158	-64.467	93.736	-177.73	154.859	-64.654	171.074	-77.821	-25.145	172.496	178.438	58.873	-126.369	164.867	-179.371	-61.799	-175.832	178.848	-179.035	
41	-9.29336	-175.983	-22.721	178.315	171.942	59.927	-151.701	88.352	32.051	171.046	75.666	-81.065	-178.498	-95.144	-36.95	-178.38	178.062	57.358	-163.64	159.308	-177.203	62.084	-173.527	178.689	-60.018	
42	-9.27373	-83.93	27.053	-178.362	-171.132	62.763	-174.346	53.217	37.585	-177.544	79.447	-71.529	-173.559	-140.556	18.187	-167.908	57.677	-86.212	-104.117	114.082	-179.92	-66.459	176.364	-174.498	-58.189	
43	-9.26539	176.524	-10.319	177.003	-173.27	79.528	-173.671	-59.958	-35.674	179.659	-69.054	-38.893	179.418	-69.928	-37.307	177.089	179.965	-93.519	-158.841	121.3	-177.64	-177.862	171.834	179.6	-60.06	
44	-9.25948	179.592	-17.227	-178.987	-179.89	-99.517	172.989	-60.082	-37.94	-179.034	-67.813	-39.759	179.548	-70.6	-37.842	-179.307	173.524	78.247	-159.672	121.019	-177.954	-171.188	-179.252	-80.347	-54.833	
45	-9.2502	-82.198	153.991	-176.284	-169.646	83.396	-157.444	-153.576	78.48	169.066	77.262	-81.293	-169.767	-85.944	-31.399	-174.755	-179.416	68.138	-160.05	169.926	179.108	60.312	-177.086	177.317	-60.383	
46	-9.24782	179.981	-19.026	-177.897	175.877	80.548	-175.463	-62.549	-38.092	-178.746	-69.346	-39.647	179.944	-69.587	-43.581	177.549	173.999	-118.853	-142.711	114.209	-177.024	-81.031	-177.453	176.031	-62.011	
47	-9.24781	-179.955	-19.067	-177.893	175.861	80.541	-175.478	-62.523	-38.075	-178.743	-69.341	-39.642	179.952	-69.612	-43.571	177.548	173.988	-118.884	-142.709	114.198	-177.024	-81.02	-177.453	176.008	-62.069	
48	-9.24725	-163.607	-36.653	177.516	-172.894	90.56	-150.097	77.762	-74.889	-172.994	149.901	-34.354	174.102	-61.217	-29.229	-179.775	67.342	-95.055	-69.514	140.522	-179.481	-174.075	172.125	176.326	-60.545	
49	-9.2136	179.556	-17.451	-178.63	179.68	-98.769	173.798	-58.526	-40.524	-178.163	-68.757	-36.977	-178.875	-71.779	-39.54	-179.507	175.106	78.354	-160.892	-52.727	-179.412	-174.755	174.926	179.379	-60.124	
50	-9.1263	-169.417	-31.18	175.89	168.25	67.283	-145.53	79.279	-68.701	-173.921	179.782	-43.329	173.303	-149.771	26.257	-171.28	56.568	-83.747	-114.998	159.821	-179.517	-60.935	-177.517	-176.732	-178.41	
51	-9.1138	81.636	-8.047	-178.658	-173.109	77.692	-179.512	-65.19	-38.234	-179.828	-69.125	-37.71	178.726	-70.333	-38.393	178.355	177.218	83.4	-158.638	119.233	-177.691	-174.981	175.266	179.411	-60.116	
52	-9.11321	81.61	-8.011	-178.672	-173.101	-102.338	0.554	-65.19	-38.242	-179.831	-69.115	-37.688	178.735	-70.371	-38.377	178.342	177.253	-96.567	-158.635	119.28	-177.638	-174.989	175.272	179.419	-60.08	
53	-9.10744	-177.414	-21.106	178.546	171.889	59.096	-151.749	87.993	27.17	171.545	76.937	-77.78	-177.801	-92.763	-40.991	-175.032	177.46	71.328	-161.871	144.634	-177.787	-171.468	173.643	-179.933	-60.026	
54	-9.09579	-175.922	-21.845	-179.581	-179.038	-96.791	-179.023	-60.871	-52.339	179.635	-83.858	58.371	-174.95	-173.108	-51.087	173.508	160.997	-116.047	-141.421	124.869	-179.212	-81.534	-175.775	176.54	-62.328	
55	-8.94266	-164.739	-35.135	178.797	-173.204	89.192	-152.932	64.27	-95.742	176.5	-150.344	38.413	179.245	-62.996	154.589	-179.447	179.171	74.324	-69.44	108.203	-177.75	-69.361	-179.839	-179.659	-59.98	
56	-8.88772	-82.173	145.814	-177.563	178.94	-119.094	153.696	-149.201	54.326	173.515	78.612	-77.529	-171.995	-70.819	-33.263	-177.899	178.235	63.565	-160.943	168.593	179.102	60.951	-175.427	177.185	-60.416	
57	-8.86438	-94.509	166.327	-178.404	62.622	-89.11	176.537	-63.579	93.712	-174.84	150.644	-40.907	171.809	-92.823	-33.765	178.599	173.085	58.657	-160.824	176.308	179.816	59.423	-176.353	176.442	-61.922	
58	-8.86381	-94.463	166.336	-178.407	62.61	90.897	-3.426	-63.6	93.676	-174.835	150.687	-40.877	171.802	-92.844	-33.772	178.624	173.084	58.644	-160.831	176.272	179.816	59.433	-176.337	176.43	-61.929	
59	-8.79093	-82.316	153.762	-176.886	-167.444	87.554	-150.786	-159.45	80.667	174.536	71.688	-90.378	177.919	-100.275	-14.026	176.556	72.013	-93.486	-79.196	129.953	-178.634	-63.505	-178.449	84.565	-61.505	
60	-8.78769	-84.463	151.743	179.034	177.43	-110.523	149.853	-161.883	73.909	179.374	69.339	-87.702	-179.713	-102.88	-13.673	-176.307	69.684	-94.227	-72.196	-45.479	178.435	-66.86	178.821	-177.555	-59.032	
61	-8.78282	176.176	-12.985	-179.548	-179.519	-103.098	175.839	-59.922	-35.144	179.785	-68.334	-40.167	-179.616	-71.882	-35.755	-178.673	179.289	-91.335	-69.552	-41.806	178.302	-169.817	175.516	-179.108	-59.833	
62	-8.71809	-174.973	-17.585	171.261	-174.718	74.143	-132.647	72.498	15.672	-178.852	59.893	32.02	-179.365	-157.718	-59.759	-171.328	167.064	57.19	-161.418	126.265	179.939	-171.181	176.246	179.961	-59.998	
63	-8.69659	179.822	-19.188	-178.719	172.337	66.805	-174.964	-60.427	-39.593	-179.307	-71.477	-38.095	-178.733	-69.996	-36.579	-179.579	178.506	84.071	-71.036	-42.824	178.204	-170.395	177.997	-177.167	-59.541	
64	-8.67209	-179.609	-19.513	-177.829	176.128	79.336	-176.06	-61.329	-41.538	-178.379	-72.306	-35.456	-178.386	-70.542	-42.084	179.062	175.414	-119.451	-142.899	-52.783	178.047	-82.163	-178.244	175.358	-62.362	
65	-8.65867	178.446	-15.15	-173.04	75.818	-81.481	-161.353	108.037	-150.89	174.449	61.166	-103.187	177.929	-65.647	-35.33	-178.751	177.8	78.976	-81.397	127.74	-178.311	-63.614	-179.637	-176.533	-59.826	
66	-8.63337	-147.98	178.091	178.327	71.893	-80.093	178.486	-64.81	91.291	-173.441	150.103	-49.572	168.802	-74.447	-31.165	173.973	174.532	71.729	-153.195	178.69	-179.934	59.178	-177.952	176.856	-61.675	
67	-8.57791	-78.866	140.608	-168.874	-170.205	67.565	176.85	-89.218	64.551	173.951	73.211	-79.921	-174.69	-127.921	13.449	-178.592	60.854	-87.215	-160	174.423	-179.61	58.062	-177.498	-81.45	-55.953	
68	-8.49283	-165.66	-26.338	-178.662	63.805	96.917	-4.752	150.569	148.935	175.366	73.59	-80.965	-173.885	-72.991	-36.785	179.355	177.98	-118.282	-161.309	168.96	179.49	62.56	-174.296	-179.791	58.87	
69	-8.48105	-167.781	-34.013	176.166	169.246	71.155	-145.112	78.92	-72.998	-173.712	-173.126	-50.143	178.042	-148.551	47.249	178.792	-60.02	101.95	-160.346	-171.088	179.653	57.977	179.963	177.013	-62.543	
70	-8.47397	-175.561	-22.887	-173.673	71.93	97.609	158.49	121.221	-152.484	173.863	61.6	-101.474	177.955	-66.392	-35.015	-177.921	178.584	79.447	-81.304	127.467	-178.337	-62.885	-179.511	-177.461	-59.996	
71	-8.47339	-82.551	149.623	179.421	-179.669	-102.865	176.507	-168.283	46.497	174.775	77.925	-74.397	-177.898	-79.31	-7.849	174.364	68.569	-96.598	-138.828	166.645	-179.343	59.384	176.952	179.858	-60.198	
72	-8.47196	-164.5	-39.159	-177.149	176.778	-93.423	-172.801	-63.251	148.437	-177.225	81.898	-61.98	175.399	-58.143	-38.348	179.43	171.391	72.886	-153.298	145.455	179.133	-168.885	173.259	-179.724	-59.23	
73	-8.47151	-82.314	149.37	179.478	-179.559	76.791	-3.702	-167.541	46.35	174.793	77.981	-74.442	-177.807	-79.482	-7.776	174.424	68.592	-96.539	-138.947	166.645	-179.375	59.267	176.856	-179.985	179.834	
74	-8.41109	82.372	-9.54	-178.201	-173.747	-102.074	175.553	-63.146	-42.092	-178.984	-70.855	-34.126	-179.551	-71.102	-37.754	178.856	178.586	83.323	-158.024	-52.906	179.854	-175.168	175.46	179.519	-60.051	
75	-8.38805	-166.315	-46.137	-177.871	168.573	73.884	-28.846	66.669	-86.881	178.89	-160.3	39.701	-177.071	-69.486	151.948	176.64	177.538	-101.273	-135.553	152.561	-179.673	-64.787	-174.84	-178.665	-60.085	
76	-8.36116	-155.503	153.434	179.961	65.517	98.601	-175.876	54.443	-128.587	171.339	-114.755	20.937	-175.818	-95.573	-41.065	176.971	-61.147	-84.889	-137.293	-33.929	175.66	-65.291	-173.768	-177.844	-60.059	
77	-8.34438	-84.286	151.87	178.97	176.665	-109.919	174.524	-169.098	66.191	-179.499	64.011	-97.488	176.724	-70.317	-33.964	-178.904	178.11	-100.255	-80.867	149.722	-179.061	-64.937	-178.908	-179.358	-59.939	
78	-8.31966	-176.658	-20.294	178.681	179.629	-102.633	150.07	-70.336	77.082	-174.472	155.52	-38.587	172.627	-78.342	-42.49	176.104	177.707	80.501	50.222	-110.173	177.586	-60.054	-175.728	-177.325	-59.825	
79	-8.24448	-179.985	-19.548	-178.439	171.852	65.922	-175.51	-60.084	-40.359	-178.768	-71.549	-35.843	-178.73	-72.57	-35.567	-178.735	179.04	83.804	-70.75	127.446	-178.365	-170.934	178.576	-176.978	-59.557	
80	-8.24339	-89.86	38.535	178.151	-173.003	60.127	-175.292	56.006	42.143	-175.973	78.099	-72.712	178.676	-148.248	22.792	-165.423	57.978	-84.261	-110.767	117.776	179.389	-68.291	-179.926	177.722	-57.657	
81	-8.24183	-176.04	-18.317	176.245	-171.863	80.853	-146.096	82.186	-69.113	-178.182	174.719	-49.486	179.952	-92.751	-48.136	-174.279	176.249	67.835	-158.316	-48.679	178.348	-172.298	175.371	-179.938	-59.989	
82	-8.23476	-170.077	-29.109	-178.462	55.789	-89.144	-1.502	140.976	-158.967	177.828	69.335	-87.489	178.645	-140.449	17.082	-171.716	58.407	-85.998	-164.834	121.633	179.49	-178.142	174.061	178.76	-60.18	
83	-8.17024	-173.811	-26.163	-169.589	66.004	-88.658	178.36	143.869	-170.971	-179.048	65.306	-104.81	177.839	-95.577	-21.115	-176.289	73.356	-94.924	-94.736	118.893	-179.323	-172.623	172.289	177.137	179.509	
84	-8.14435	177.7	-14.242	178.972	179.581	-105.686	175.213	-60.457	-34.931	179.387	-67.932	-39.411	-178.82	-72.859	-37.645	-177.689	178.13	87.383	-71.674	126.151	-178.358	-173.345	173.895	175.122	-61.496	
85	-8.10484	-164.778	-34.94	178.587	-173.472	88.806	-155.157	64.544	-95.684	176.77	-150.678	38.627	179.153	-63.759	155.692	-177.791	-179.513	70.465	-64.223	-56.962	177.612	-70.778	179.764	-179.598	-59.939	
86	-8.10164	-81.178	151.327	177.909	-167.425	92.468	-5.749	-162.893	149.765	179.926	63.297	-98.36	178.489	-143.664	32.356	-177.942	-57.424	100.704	-157.214	164.756	-179.709	56.772	178.995	179.269	-60.008	
87	-8.07588	-168.981	-28.211	178.039	-174.093	78.703	-162.1	77.14	-82.297	-176.179	157.238	89.718	172.58	-148.839	166.297	177.755	64.986	-90.715	-155.767	137.255	179.951	-171.326	175.381	179.996	-60.006	
88	-8.02485	173.539	-7.762	179.371	64.091	-85.619	-0.603	82.96	-139.98	176.037	68.831	-83.574	177.54	-143.694	25.981	-179.35	57.614	-82.784	-62.253	128.972	-178.483	-171.817	174.805	-177.427	-59.635	
89	-7.99321	-84.404	151.074	179.056	177.603	-112.798	154.722	-163.393	70.949	-176.546	77.796	-68.502	174.671	-73.555	146.089	179.712	178.532	72.652	-82.337	116.638	-179.016	-67.084	179.753	-179.837	-60.021	
90	-7.89548	-84.056	152.39	178.588	179.12	-109.937	150.658	-165.383	71.312	-173.677	75.562	-68.193	171.3	-73.576	155.136	-179.359	-179.083	72.305	-58.764	120.923	-178.583	-173.738	175.57	179.867	-60.016	
91	-7.85833	174.201	-10.918	-169.456	74.54	-84.157	-162.003	106.326	-159.092	176.054	59.633	-107.674	178.868	-75.439	-34.431	-176.444	-179.198	80.695	-85.687	124.035	-178.702	-173.542	174.98	178.716	-60.196	
92	-7.85795	-167.658	-31.091	-176.451	-176.802	91.877	-179.52	83.294	48.254	-179.753	177.102	-70.771	176.582	-78.14	-26.005	178.945	-56.87	-59.882	-160.473	175.32	179.484	56.453	178.807	178.507	-60.72	
93	-7.72249	-165.592	-45.227	176.783	170.507	53.753	-154.931	110.696	51.65	173.504	65.934	-106.304	176.646	-87.649	-32.249	-176.271	-179.651	77.71	-91.972	170.24	178.606	-62.708	-177.33	-179.549	-59.97	
94	-7.68934	-169.497	-30.128	-178.392	176.626	-99.001	178.835	95.416	-161.152	-179.421	69.495	-84.82	177.871	-144.947	20.697	-173.831	59.265	96.655	-167.549	-168.73	178.947	57.569	-179.391	-178.573	-174.032	
95	-7.68188	-82.222	144.491	179.871	178.364	-109.025	145.027	-149.057	67.283	178.032	67.281	-92.273	177.211	-87.06	-25.836	-177.04	71.965	-95.472	-74.94	-47.047	174.354	-170.549	176.79	179.68	-60.034	
96	-7.59962	175.47	-7.212	174.319	-171.063	-101.414	-177.175	-61.664	-31.938	177.381	-71.104	-38.585	179.545	-69.182	-35.988	176.021	-175.726	-87.53	-64.987	-43.522	178.116	-174.605	174.047	179.992	-59.99	
97	-7.59923	-91.076	171.413	-179.14	63.75	-87.023	177.965	-64.86	93.718	-175.849	152.079	-53.314	170.905	-78.522	-28.075	175.27	175.815	75.015	-153.051	-178.698	179.951	57.596	179.916	-84.284	-58.362	
98	-6.81526	179.86	-17.532	-176.875	66.706	92.923	178.903	-60.39	-35.651	-179.513	-75.801	-31.641	-174.418	-79.134	-33.397	-179.522	-179.219	-114.146	-159.512	-19.292	178.368	58.564	-177.967	174.484	-63.621	
99	-6.51269	-171.845	-19.386	168.751	-171.143	-123.148	1.199	58.838	46.512	-179.671	81.741	-73.182	-177.11	-154.386	62.675	171.883	-65.449	104.581	-161.639	-169.093	179.696	57.483	177.443	178.516	-63.137	
100	-5.82575	-174.95	-23.471	-178.863	-178.095	-108.126	178.058	-61.683	-32.782	179.047	-105.293	22.969	-178.947	-161.771	80.999	-179.15	177.941	-116.275	-163.027	167.16	179.693	58.841	-177.566	-175.133	-57.986	
