1	-11.7072	-83.468	155.816	-177.17	-173.2	79.374	-166.344	-154.336	86.016	168.501	82.928	-75.136	-169.977	-136.842	19.118	-174.114	58.851	-85.471	-163.456	160.958	-179.79	52.873	175.321	-179.876	-178.615	
2	-10.964	-78.856	142.955	-167.85	-164.951	75.817	-159.633	-90.124	60.055	178.43	67.312	-89.181	175.455	-94.464	-31.362	-171.378	179.507	-101.252	-88.679	145.024	178.965	-63.856	-178.326	-179.46	-59.951	
3	-10.8579	-78.963	141.141	-168.576	-168.314	70.451	177.519	-90.073	61.024	174.511	74.689	-77.176	-173.702	-127.482	13.663	-175.503	60.431	-87.65	-158.848	168.388	-179.349	53.187	173.775	-179.404	-58.594	
4	-10.2998	68.148	16.704	178.341	-170.238	64.602	-173.099	57.586	37.18	-179.443	81.547	-70.13	-172.962	-141.158	18.176	-168.089	57.731	93.919	-103.625	108.255	-179.522	-66.3	176.206	-174.339	-58.46	
5	-10.2925	-78.436	141.136	-167.454	-164.043	77.878	-157.55	-90.15	59.728	178.92	68.107	-87.845	174.648	-95.306	-30.393	-171.159	179.512	-99.896	-84.148	139.142	178.664	-64.349	178.813	-83.397	-57.798	
6	-10.2817	-84.074	152.346	-179.093	179.361	-112.601	146.491	-159.255	69.111	177.464	66.246	-94.646	176.772	-77.75	-32.754	-177.107	178.974	80.224	-79.024	141.973	-178.848	-65.421	-179.208	-179.319	-59.935	
7	-10.2816	-81.995	145.18	-177.593	178.124	-119.541	155.66	-149.065	54.168	173.619	81.182	-70.958	-172.24	-118.091	12.874	-175.081	60.103	-90.012	-156.601	168.57	179.968	53.69	175.558	178.783	-58.423	
8	-10.2809	-84.043	152.304	-179.089	179.32	67.375	-33.485	-159.187	69.106	177.413	66.267	-94.667	176.763	-77.738	-32.744	-177.097	178.974	80.218	-79.034	141.847	-178.844	-65.411	-179.192	-179.377	-59.988	
9	-10.2795	-82.802	155.63	-177.665	-167.029	88.512	-144.126	-161.759	79.221	174.981	66.743	-96.356	178.297	-79.951	-27.25	179.361	72.416	-95.392	-76.931	126.772	-178.514	-173.61	177.826	81.849	-64.23	
10	-10.2474	-84.294	151.4	179.195	176.492	-108.726	149.161	-162.398	76.579	178.364	70.142	-91.471	178.132	-99.374	-14.506	175.543	72.887	-94.027	-74.603	132.485	-178.933	-64.831	-176.658	-177.151	-57.228	
11	-10.2427	-83.016	155.828	-177.879	-167.132	88.556	-144.261	-162.085	80.407	174.885	66.369	-97.061	177.319	-77.619	-33.112	179.165	-179.467	80.475	-71.26	127.422	-178.366	-174.28	177.397	82.13	-63.983	
12	-10.1959	-84.2	153.351	-179.898	179.082	-109.187	143.97	-161.94	72.759	177.789	65.815	-95.728	178.145	-79.941	-27.255	179.759	72.319	-95.423	-76.065	128.047	-178.837	-172.239	179.37	83.23	-62.805	
13	-10.1515	-82.402	154.257	-176.993	-167.466	87.277	-146.363	-158.008	78.665	173.845	66.734	-95.648	177.59	-77.816	-32.62	-176.98	178.983	80.206	-79.004	134.115	-178.4	-65.524	-179.249	-179.32	-59.931	
14	-10.1414	-82.36	153.663	-176.83	-167.528	87.599	-151.441	-159.938	81.721	174.871	72.524	-90.28	177.059	-102.524	-13.763	176.1	72.16	-93.72	-75.288	128.225	-178.576	-64.761	-176.686	-177.161	-177.203	
15	-10.1358	-84.27	153.771	179.939	178.821	-108.74	143.832	-162.792	74.24	177.835	65.357	-96.4	177.297	-77.889	-32.865	179.535	-179.408	80.372	-70.438	128.38	-178.676	-172.965	178.98	83.582	-62.627	
16	-10.1337	-84.081	152.034	-179.478	178.827	-111.272	146.351	-159.71	70.739	177.392	66.853	-94.693	177.676	-81.608	-26.9	-179.247	72.593	-95.335	-77.987	131.656	-178.919	-171.335	176.595	179.481	179.904	
17	-10.1243	-169.654	-27.996	178.18	-175.723	84.385	-154.408	79.442	-72.709	-174.791	141.442	-31.743	-179.417	-71.794	-20.361	176.211	70.336	-95.42	-65.92	135.355	-179.091	-69.967	-174.749	-171.07	-177.731	
18	-10.0691	-82.74	154.717	-177.059	-167.233	87.689	-146.409	-159.609	78.825	174.325	67.742	-94.94	178.041	-82.7	-26.757	-179.357	72.667	-95.317	-78.353	128.923	-178.546	-172.193	176.54	179.284	179.858	
19	-10.0241	-84.275	152.77	-179.628	178.761	-110.693	145.787	-160.926	72.197	177.521	66.18	-96.044	176.781	-78.626	-32.568	-179.829	-179.326	80.503	-71.926	131.215	-178.741	-172.874	176.599	179.105	-60.149	
20	-9.97864	-83.026	154.35	-177.325	-173.182	81.046	-165.399	-154.012	87.341	169.254	81.783	-76.284	-173.825	-140.417	29.662	179.733	-55.753	101.311	-163.092	160.771	-179.819	52.184	173.814	179.825	-179.846	
21	-9.91412	179.358	-17.518	-178.291	178.944	-99.642	173.64	-59.721	-37.693	-178.814	-67.292	-39.744	179.749	-71.378	-38.445	-179.716	174.456	78.549	-160.596	122.059	-178.087	-174.956	175.125	179.373	-60.079	
22	-9.82545	-84.083	152.589	-179.342	179.036	-112.119	146.633	-160.177	70.486	177.372	66.548	-95.175	176.848	-78.491	-32.39	-177.045	179.362	80.434	-79.075	142.993	-178.878	-65.834	179.862	-84.074	-58.136	
23	-9.76841	-84.025	152.512	-179.038	179.298	-112.77	146.694	-159.471	69.217	177.366	66.24	-94.761	176.759	-77.584	-33.216	-176.774	178.584	81.166	-79.893	144.227	-178.872	-65.339	-71.277	179.428	-59.579	
24	-9.43695	-77.524	129.996	-172.218	-176.07	67.414	-158.177	-79.25	-35.246	-174.195	145.929	-39.685	175.914	-137.108	19.37	-172.907	58.563	-85.143	-164.482	155.685	-179.591	55.508	178.721	179.4	-58.618	
25	-9.41757	-81.526	151.206	177.441	-170.598	91.844	-3.537	-165.814	149.366	178.497	67.844	-92.139	-176.447	-146.997	21.923	-171.707	58.433	-84.093	-163.365	168.57	-179.743	55.006	178.633	176.1	-60	
26	-9.41244	-97.309	171.013	-178.389	65.866	94.066	179.215	-64.167	94.29	-177.124	153.582	-64.91	170.925	-76.308	-26.531	172.194	176.827	-121.514	-122.56	160.721	-179.273	-59.208	-175.311	-177.367	-57.774	
27	-9.3679	-78.264	140.261	-164.708	-164.927	-103.33	28.76	-90.77	61.917	-178.893	71.544	-89.274	174.033	-107.726	-14.707	-178.27	70.702	-91.71	-79.245	129.496	177.256	-64.311	-177.754	-83.146	-55.909	
28	-9.35903	176.569	-11.195	177.681	-175.433	-101.664	179.902	-59.428	-35.467	179.856	-68.694	-38.695	179.854	-71.074	-37.282	177.213	-179.034	86.524	-159.114	122.323	-177.832	-177.532	172.346	179.675	-60.049	
29	-9.32669	177.13	-11.482	177.974	-173.316	-102.038	2.035	-60.093	-35.652	179.727	-70.219	-37.605	-179.508	-72.605	-33.998	177.008	-179.603	-94.926	-154.331	121.36	-177.59	-171.905	174.137	-176.747	-60.383	
30	-9.29335	-175.978	-22.724	178.307	171.943	59.934	-151.695	88.326	32.17	171.042	75.609	-81.145	-178.496	-95.12	-36.908	-178.37	178.095	57.431	-163.664	159.288	-177.203	62.075	-173.539	178.667	-60.02	
31	-9.27373	-83.93	27.053	-178.362	-171.132	62.763	-174.346	53.217	37.585	-177.544	79.447	-71.529	-173.559	-140.556	18.187	-167.908	57.677	-86.212	-104.117	114.082	-179.92	-66.459	176.364	-174.498	-58.189	
32	-9.25948	179.592	-17.227	-178.987	-179.89	-99.517	172.989	-60.082	-37.94	-179.034	-67.813	-39.759	179.548	-70.6	-37.842	-179.307	173.524	78.247	-159.672	121.019	-177.954	-171.188	-179.252	-80.347	-54.833	
33	-9.25014	-82.191	153.991	-176.304	-169.664	83.449	-157.506	-153.602	78.583	169.062	77.266	-81.291	-169.752	-86.024	-31.382	-174.739	-179.417	68.137	-160.046	169.877	179.114	60.309	-177.091	177.325	179.61	
34	-9.24781	-179.955	-19.067	-177.893	175.861	80.541	-175.478	-62.523	-38.075	-178.743	-69.341	-39.642	179.952	-69.612	-43.571	177.548	173.988	-118.884	-142.709	114.198	-177.024	-81.02	-177.453	176.008	-62.069	
35	-9.24725	-163.607	-36.653	177.516	-172.894	90.56	-150.097	77.762	-74.889	-172.994	149.901	-34.354	174.102	-61.217	-29.229	-179.775	67.342	-95.055	-69.514	140.522	-179.481	-174.075	172.125	176.326	-60.545	
36	-9.22865	-179.679	-19.015	-178.062	177.575	-98.334	179.627	-62.152	-37.206	-178.842	-68.82	-39.875	179.941	-69.853	-44.552	176.981	173.71	-117.669	-142.782	115.64	-177.153	-80.871	-176.882	176.823	-61.829	
37	-9.21355	179.553	-17.436	-178.644	179.679	-98.783	173.792	-58.517	-40.509	-178.165	-68.743	-36.998	-178.886	-71.774	-39.543	-179.501	175.111	78.391	-160.926	-52.77	-179.388	-174.775	174.895	179.366	179.909	
38	-9.1263	-169.417	-31.18	175.89	168.25	67.283	-145.53	79.279	-68.701	-173.921	179.782	-43.329	173.303	-149.771	26.257	-171.28	56.568	-83.747	-114.998	159.821	-179.517	-60.935	-177.517	-176.732	-178.41	
39	-9.1228	-83.315	154.078	-177.903	-174.686	80.777	-165.904	-152.362	91.362	168.319	78.961	-77.456	-175.425	-139.292	30.549	-179.2	-55.917	101.198	-156.449	137.045	179.648	-172.288	175.27	179.806	179.996	
40	-9.11374	81.622	-8.013	-178.662	-173.102	77.624	-179.502	-65.173	-38.231	-179.821	-69.132	-37.694	178.729	-70.354	-38.387	178.345	177.294	83.444	-158.632	119.335	-177.637	-174.962	175.273	179.421	179.921	
41	-8.86441	-94.491	166.337	-178.395	62.629	-89.11	176.552	-63.601	93.673	-174.846	150.684	-40.877	171.798	-92.835	-33.763	178.605	173.07	-121.359	-160.828	176.327	179.816	59.422	-176.352	176.437	-61.924	
42	-8.83375	-94.642	166.594	-178.318	62.906	91.213	-177.446	-63.66	93.57	-174.88	150.912	-41.495	171.942	-92.227	-33.517	178.516	173.342	-120.971	-160.943	176.36	179.842	59.361	-176.376	176.367	-61.948	
43	-8.82416	-170.153	-36.668	-170.289	170.623	79.412	-174.621	-60.596	-39.975	-176.24	-67.702	-33.258	-175.98	-88.249	-27.481	-177.557	-60.234	100.815	-159.281	118.653	-178.232	-175.699	173.134	177.132	-60.542	
44	-8.78769	-84.463	151.743	179.034	177.43	-110.523	149.853	-161.883	73.909	179.374	69.339	-87.702	-179.713	-102.88	-13.673	-176.307	69.684	-94.227	-72.196	-45.479	178.435	-66.86	178.821	-177.555	-59.032	
45	-8.67208	-179.64	-19.529	-177.83	176.139	79.314	-176.028	-61.318	-41.521	-178.371	-72.329	-35.449	-178.382	-70.555	-42.09	179.077	175.425	-119.479	-142.898	-52.68	178.045	-82.168	-178.252	175.358	-62.378	
46	-8.63326	-148.086	178.094	178.314	71.886	-80.076	178.49	-64.795	91.34	-173.417	150.044	-49.604	168.802	-74.436	-31.141	173.95	174.543	-108.192	-153.168	178.722	-179.933	59.177	-177.969	176.853	-61.654	
47	-8.49282	-165.694	-26.32	-178.647	63.798	96.906	-4.749	150.546	148.933	175.358	73.59	-80.962	-173.897	-72.975	-36.791	179.358	177.975	-118.316	-161.305	168.942	179.487	62.561	-174.302	-179.814	58.881	
48	-8.48081	-167.768	-34.002	176.161	169.25	71.154	-145.092	78.923	-72.964	-173.718	-173.189	-50.131	178.046	-148.532	47.212	178.803	-60.019	-78.014	-160.346	-171.031	179.652	57.978	179.952	177.011	177.465	
49	-8.47339	-82.451	149.521	179.458	-179.665	-102.921	176.455	-168.06	46.455	174.77	77.931	-74.397	-177.889	-79.376	-7.812	174.373	68.562	-96.595	-138.857	166.663	-179.352	59.358	176.93	179.859	-60.201	
50	-8.47196	-164.532	-39.171	-177.104	176.773	-93.4	-172.755	-63.271	148.452	-177.227	81.888	-61.983	175.405	-58.154	-38.345	179.43	171.412	72.89	-153.287	145.516	179.131	-168.846	173.286	-179.766	-59.268	
51	-8.45701	-171.619	-29.781	-173.739	68.678	95.652	169.623	137.448	-141.734	179.44	69.593	-95.248	179.859	-99.937	-12.638	-179.13	71.143	-94.777	-74.955	128.425	-178.62	-65.598	-176.758	-179.854	59.954	
52	-8.39085	-171.502	-29.517	-174.822	66.959	-84.6	-175.581	136.353	-142.737	179.287	69.709	-94.686	-179.896	-101.06	-11.418	179.234	67.342	-95.768	-75.782	128.972	-178.678	-65.824	-174.673	177.798	61.13	
53	-8.34147	-83.78	151.873	178.98	176.715	-110.043	174.563	-169.06	66.036	-179.528	64.019	-97.437	176.705	-70.221	-34.038	-178.82	178.057	-99.906	-80.956	149.542	-179.052	-64.842	-178.858	-179.316	-59.939	
54	-8.33247	176.071	-12.952	-179.386	-179.801	-103.852	175.95	-59.572	-35.426	-179.736	-67.811	-38.23	-179.69	-74.772	-35.076	-177.831	179.946	88.808	-69.497	127.885	-178.377	-170.194	175.932	-179.082	-59.845	
55	-8.26394	-171.527	-28.998	-178.402	63.061	95.886	171.639	137.88	-166.785	175.517	63.129	-96.606	-176.625	-84.801	-33.134	-177.187	179.731	60.248	-164.424	150.088	179.784	60.085	-174.359	177.818	179.359	
56	-8.24511	-176.889	-20.255	179.274	179.723	-101.051	150.027	-70.364	77.109	-174.798	155.23	-38.092	173.143	-78.123	-42.053	177.746	176.946	-101.217	50.012	-109.703	177.606	-59.031	-66.093	-176.206	-57.083	
57	-8.23474	-170.163	-29.078	-178.433	55.781	-89.154	-1.555	140.944	-158.967	177.814	69.323	-87.51	178.649	-140.453	17.091	-171.723	58.395	-85.991	-164.825	121.713	179.49	-178.162	174.006	178.769	-60.174	
58	-8.22687	175.901	-14.603	-167.454	69.421	-86.425	-169.542	117.908	-168.358	176.349	59.335	-102.9	179.387	-77.141	-34.064	-178.982	-179.306	62.532	-102.004	93.176	-179.155	-64.615	-177.569	-176.452	-59.403	
59	-8.22029	67.549	17.884	177.608	-171.032	-114.207	4.207	58.102	41.731	-178.484	76.859	-73.907	-178.852	-142.397	27.527	-174.554	-56.979	100.808	-91.877	108.627	-178.734	-170.202	177.549	179.736	-60.021	
60	-8.21966	-169.177	-32.672	177.186	169.012	70.067	-143.524	79.601	-71.972	-174.842	178.259	-48.899	179.979	-87.353	-49.684	-173.873	175.926	67.258	-163.882	-44.897	178.4	-171.967	175.434	179.925	-179.958	
61	-8.20972	-82.789	149.753	178.546	179.05	79.201	178.328	-170.766	46.892	174.877	78.179	-73.786	-178.278	-77.851	-8.57	173.492	68.677	-96.808	-138.676	166.387	-179.253	60.128	177.544	-179.739	-60.033	
62	-8.19443	-178.052	-14.731	172.551	57.726	-85.691	-7.65	94.553	-157.087	179.178	63.652	-94.739	178.902	-81.827	-31.934	-178.584	-179.129	78.009	-158.973	123.489	178.603	-173.25	176.102	179.661	-60.074	
63	-8.14435	177.7	-14.242	178.972	179.581	-105.686	175.213	-60.457	-34.931	179.387	-67.932	-39.411	-178.82	-72.859	-37.645	-177.689	178.13	87.383	-71.674	126.151	-178.358	-173.345	173.895	175.122	-61.496	
64	-8.12685	-168.792	-34.07	-177.923	176.339	-96.783	-178.413	-63.203	-37.086	-179.737	-71.772	-34.093	-178.039	-74.135	-38.481	177.42	177.038	-120.33	-162.429	153.387	-179.016	63.149	-168.289	-75.619	-51.728	
65	-8.1016	-81.066	151.299	177.92	-167.417	92.461	-5.747	-162.838	149.715	179.909	63.319	-98.353	178.488	-143.664	32.353	-177.938	-57.426	100.68	-157.22	164.796	-179.708	56.778	178.988	179.28	179.988	
66	-8.07586	-168.931	-28.223	178.033	-174.055	78.651	-162.106	77.148	-82.234	-176.185	157.197	89.715	172.571	-148.857	166.303	177.754	64.988	-90.758	-155.765	137.227	179.951	-171.329	175.382	179.996	-60.006	
67	-8.05874	-164.703	-35.632	179.199	-173.876	89.518	-154.921	65.065	-93.98	176.726	-153.194	39.12	179.846	-63.225	157.291	174.968	176.914	-100.168	-150.281	138.857	-179.711	-170.948	175.36	179.946	-60.013	
68	-8.01694	-85.451	156.301	179.425	-179.852	-108.108	142.093	-166.732	74.77	179.58	64.954	-98.58	176.993	-77.268	-27.568	-178.719	71.899	-95.584	-71.129	126.396	-178.689	-162.256	-161.505	-68.431	-170.312	
69	-8.01676	-165.747	-37.087	-176.387	177.691	-90.927	178.018	-63.168	150.385	-178.866	83.574	-62.012	179.151	-67.775	-37.258	179.855	-58.492	-69.248	-137.472	160.707	179.492	-64.057	-174.533	-178.841	-59.872	
70	-7.99319	-84.407	151.071	179.039	177.602	-112.777	154.734	-163.392	70.963	-176.523	77.785	-68.498	174.689	-73.547	146.085	179.722	178.521	72.703	-82.344	116.585	-179.017	-67.084	179.747	-179.849	-60.005	
71	-7.97025	-78.999	140.944	-168.23	-168.502	70.057	177.974	-89.991	61.832	174.989	74.45	-78.305	-173.933	-128.094	14.056	-177.945	63.359	-86.613	-157.087	169.441	-179.384	61.128	-178.436	-70.944	-42.369	
72	-7.95736	-81.569	146.707	178.785	-178.011	75.369	4.548	-168.854	150.759	-177.656	66.63	-90.345	179.2	-149.219	21.989	-171.522	58.482	-83.883	-164.565	157.328	179.952	54.831	178.764	177.331	-179.57	
73	-7.91732	-164.976	-41.319	178.128	174.985	-106.857	138.581	77.018	-75.535	-172.124	153.043	-36.322	176.302	-62.69	-29.043	-177.644	67.858	-94.932	-71.866	132.075	-178.378	-174.529	173.361	178.496	-60.24	
74	-7.89546	-84.12	152.394	178.569	179.125	-109.933	150.649	-165.382	71.3	-173.674	75.57	-68.185	171.297	-73.571	155.122	-179.352	-179.09	72.324	-58.762	120.898	-178.584	-173.712	175.558	179.876	-60.016	
75	-7.85187	-84.712	151.377	179.444	175.201	-113.332	156.34	-163.651	75.262	178.463	76.379	-78.003	-178.281	-147.431	22.529	-172.413	58.377	-83.869	-166.22	-2.693	-179.194	54.307	176.379	178.359	-179.222	
76	-7.8361	-179.983	-18.258	-170.664	68.288	-86.593	-174.147	125.64	-173.202	176.308	59.786	-101.685	178.776	-76.443	-38.707	-174.641	179.039	80.327	-95.935	112.527	-179.049	-172.806	175.378	178.267	-60.287	
77	-7.82122	-167.317	-48.084	-167.199	167.767	78.501	-1.393	-62.532	-32.573	-177.533	-66.804	-30.316	-174.345	-93.556	-42.772	-176.744	-60.245	-79.844	-166.185	163.062	179.307	52.516	176.124	170.724	178.351	
78	-7.75824	-78.815	142.372	-170.864	177.451	55.334	178.149	-59.784	-38.426	-177.578	-67.873	-33.065	-175.206	-83.034	-34.823	-179.566	179.651	62.342	-160.573	153.955	-179.057	59.357	-175.415	176.495	-62.696	
79	-7.75306	-167.522	-31.149	-176.446	-176.744	91.775	-0.645	83.474	47.826	-179.704	177.478	-70.812	176.538	-77.899	-26.108	178.982	-56.954	-59.844	-160.397	175.147	179.603	56.441	178.834	178.478	-60.718	
80	-7.69752	-82.253	144.349	179.921	178.72	-108.744	144.11	-148.511	66.999	178.397	66.441	-93.08	176.836	-83.413	-29.93	-175.423	-179.973	80.214	-74.879	-43.235	173.044	-66.294	-179.728	-179.204	-59.913	
81	-7.68889	-169.379	-30.141	-178.406	176.66	81.083	-0.943	95.485	-161.226	-179.432	69.502	-84.87	177.855	-144.911	20.695	-173.828	59.258	-83.349	-167.527	-168.641	178.971	57.547	-179.405	-178.596	-174.031	
82	-7.68187	-82.358	144.528	179.874	178.366	-109.028	145.047	-149.106	67.283	178.026	67.287	-92.265	177.222	-87.08	-25.829	-177.034	71.956	-95.471	-74.944	-47.034	174.405	-170.584	176.813	179.684	-60.034	
83	-7.62379	-165.432	-30.684	179.366	60.242	-85.043	-177.618	-105.652	58.318	-176.722	65.476	-95.499	177.137	-85.05	-30.91	-174.264	-178.963	80.549	-78.3	126.634	-178.603	-168.033	177.995	-174.186	-57.884	
84	-7.60791	-159.926	156.212	175.655	59.159	87.807	-174.696	54.725	-119.391	175.548	-118.904	16.981	179.003	-84.218	-41.056	171.461	-172.295	-106.848	-163.695	-16.205	174.181	62.023	-173.951	172.954	-66.066	
85	-7.58654	-154.414	152.596	-179.572	65.033	100.537	-176.153	53.948	-129.892	171.517	-112.048	17.949	-175.747	-93.136	-30.438	177.302	-60.351	-83.582	-152.347	-36.675	175.9	-171.544	175.149	179.745	-60.009	
86	-7.5551	-167.634	-30.803	-177.694	-177.856	-100.034	1.555	-72.883	76.439	179.797	165.281	-61.92	-179.022	-97.522	-12.25	172.593	66.529	-95.952	52.925	-113.705	178.133	-57.934	-67.432	177.642	-59.034	
87	-7.46811	-177.305	-21.454	178.928	171.625	59.132	-152.651	88.342	27.627	171.338	77.281	-77.264	-176.747	-95.976	-38.584	-175.34	-57.588	103.471	-160.373	143.837	-178.052	-172.184	171.166	80.016	-64.207	
88	-7.38859	-176.07	-27.225	-172.879	170.214	55.842	-178.028	-59.424	-35.306	-178.108	-67.807	-33.015	-175.941	-90.711	-23.472	179.468	-63.969	95.311	-65.421	127.358	-178.379	-171.634	178.609	-176.962	-59.669	
89	-7.38342	-155.037	164.864	176.038	73.088	103.744	-172.979	55.794	-118.062	173.109	-126.22	25	-178.801	-92.741	-41.581	177.061	-66.244	-88.844	-164.22	-10.012	173.103	56.485	-179.793	175.292	-64.689	
90	-7.35149	-87.158	32.387	-179.423	-173.916	61.675	-147.431	56.853	34.544	-173.384	73.403	-74.015	179.804	-145.943	59.712	179.167	-60.65	-78.669	-57.51	133.921	-178.729	-176.519	174.018	179.674	-60.056	
91	-7.23077	-165.69	-37.065	-177.285	-178.848	-89.202	178.525	-76.738	75.141	-175.859	135.757	-43.406	175.474	-74.459	-24.798	171.992	-179.745	-121.695	-133.215	-6.724	179.918	-62.309	-170.464	-174.726	-176.383	
92	-6.85834	-163.704	-38.327	179.21	-178.234	-87.584	0.327	-160.595	63.117	177.856	65.518	-98.055	177.31	-70.74	-27.886	178.534	72.539	-94.701	-82.116	-39.533	168.395	-169.701	171.298	174.873	-60.254	
93	-6.7916	-83.236	154.096	176.454	174.58	73.333	-175.611	-68.745	81.229	-175.724	154.969	-40.114	174.601	-88.864	-38.736	179.96	-179.697	79.849	-74.844	130.05	-178.64	-171.66	175.96	179.971	-59.966	
94	-6.62097	-76.871	158.532	177.07	-177.242	84.645	175.349	105.966	134.058	179.047	77.949	-73.831	-176.726	-81.554	-14.04	174.905	72.836	-94.673	-149.786	133.416	179.87	-173.108	178.771	176.346	179.517	
95	-6.56517	-83.025	159.459	177.3	-172.044	-94.463	-176.214	103.682	140.187	179.744	77.077	-74.453	-176.797	-80.357	-15.846	173.487	71.309	-95.257	-151.981	128.725	179.996	-170.581	-177.53	178.657	179.814	
96	-6.52548	-84.185	151.021	178.859	177.654	73.598	178.629	-165.712	73.212	-177.757	66.38	-93.714	-178.517	-93.807	-15.556	-179.882	72.13	-94.927	-71.365	-43.735	176.822	-66.456	-179.639	-177.575	-58.608	
97	-6.51253	-171.915	-19.347	168.732	-171.167	-123.164	1.25	58.83	46.505	-179.66	81.729	-73.209	-177.134	-154.373	62.735	171.86	-65.452	-75.418	-161.638	-169.211	179.699	57.491	177.433	178.486	176.857	
98	-6.4688	-166.109	-36.269	-179.609	-179.511	-93.368	179.175	-167.819	66.516	175.574	64.782	-96.868	175.342	-63.057	-35.518	177.211	177.035	79.46	-79.725	-40.243	167.418	-65.232	-178.643	-179.33	-179.956	
99	-5.78305	-133.65	159.274	175.02	-179.45	75.71	178.006	79.609	-78.856	177.521	-75.354	-31.469	-179.91	-73.821	-36.66	-179.349	177.5	-122.396	-163.118	-23.974	177.74	61.42	-172.4	-179.896	-57.278	
100	-5.61885	179.796	-17.626	-179.679	55.454	86.323	-2.84	69.993	-89.31	173.871	-144.443	27.573	178.064	-81.807	-30.286	-179.796	-179.055	-100.435	-69.856	-44.431	178.283	-172.09	175.672	179.828	-59.978	
