1	-11.7072	-83.468	155.816	-177.17	-173.2	79.374	-166.344	-154.336	86.016	168.501	82.928	-75.136	-169.977	-136.842	19.118	-174.114	58.851	-85.471	-163.456	160.958	-179.79	52.873	175.321	-179.876	-178.615	
2	-10.5529	-78.114	139.546	-167.129	-163.979	79.462	-156.198	-89.905	60.781	178.994	69.228	-86.467	174.986	-100.159	-25.536	-172.666	72.485	-93.746	-83.307	133.639	178.1	-169.46	176.292	-179.943	-60.014	
3	-10.2992	68.131	16.729	178.336	-170.264	-115.366	6.942	57.586	37.154	-179.44	81.552	-70.128	-172.968	-141.149	18.169	-168.084	57.714	93.906	-103.632	108.308	-179.504	-66.274	176.225	-174.335	-58.353	
4	-10.2817	-84.074	152.346	-179.093	179.361	-112.601	146.491	-159.255	69.111	177.464	66.246	-94.646	176.772	-77.75	-32.754	-177.107	178.974	80.224	-79.024	141.973	-178.848	-65.421	-179.208	-179.319	-59.935	
5	-10.2816	-81.995	145.18	-177.593	178.124	-119.541	155.66	-149.065	54.168	173.619	81.182	-70.958	-172.24	-118.091	12.874	-175.081	60.103	-90.012	-156.601	168.57	179.968	53.69	175.558	178.783	-58.423	
6	-10.2474	-84.294	151.4	179.195	176.492	-108.726	149.161	-162.398	76.579	178.364	70.142	-91.471	178.132	-99.374	-14.506	175.543	72.887	-94.027	-74.603	132.485	-178.933	-64.831	-176.658	-177.151	-57.228	
7	-10.1959	-84.2	153.351	-179.898	179.082	-109.187	143.97	-161.94	72.759	177.789	65.815	-95.728	178.145	-79.941	-27.255	179.759	72.319	-95.423	-76.065	128.047	-178.837	-172.239	179.37	83.23	-62.805	
8	-10.1514	-82.399	154.224	-176.97	-167.483	87.273	-146.367	-157.954	78.639	173.834	66.74	-95.639	177.584	-77.797	-32.635	-176.965	178.966	-99.844	-78.995	134.017	-178.397	-65.54	-179.26	-179.356	-59.943	
9	-10.1358	-84.27	153.771	179.939	178.821	-108.74	143.832	-162.792	74.24	177.835	65.357	-96.4	177.297	-77.889	-32.865	179.535	-179.408	80.372	-70.438	128.38	-178.676	-172.965	178.98	83.582	-62.627	
10	-10.1337	-84.081	152.034	-179.478	178.827	-111.272	146.351	-159.71	70.739	177.392	66.853	-94.693	177.676	-81.608	-26.9	-179.247	72.593	-95.335	-77.987	131.656	-178.919	-171.335	176.595	179.481	179.904	
11	-10.1243	-169.654	-27.996	178.18	-175.723	84.385	-154.408	79.442	-72.709	-174.791	141.442	-31.743	-179.417	-71.794	-20.361	176.211	70.336	-95.42	-65.92	135.355	-179.091	-69.967	-174.749	-171.07	-177.731	
12	-9.99163	-82.864	155.212	-177.345	-167.185	87.853	-145.495	-160.526	79.675	174.517	66.938	-96.549	177.027	-78.738	-32.777	179.874	-179.36	80.461	-72.234	129.09	-178.388	-173.732	176.547	178.872	179.818	
13	-9.97858	-83.049	154.357	-177.344	-173.196	81.06	-165.377	-154.025	87.424	169.249	81.751	-76.305	-173.798	-140.418	29.632	179.751	-55.769	101.13	-163.093	160.798	-179.818	52.189	173.833	179.799	-179.867	
14	-9.82545	-84.083	152.589	-179.342	179.036	-112.119	146.633	-160.177	70.486	177.372	66.548	-95.175	176.848	-78.491	-32.39	-177.045	179.362	80.434	-79.075	142.993	-178.878	-65.834	179.862	-84.074	-58.136	
15	-9.76841	-84.025	152.512	-179.038	179.298	-112.77	146.694	-159.471	69.217	177.366	66.24	-94.761	176.759	-77.584	-33.216	-176.774	178.584	81.166	-79.893	144.227	-178.872	-65.339	-71.277	179.428	-59.579	
16	-9.1263	-169.417	-31.18	175.89	168.25	67.283	-145.53	79.279	-68.701	-173.921	179.782	-43.329	173.303	-149.771	26.257	-171.28	56.568	-83.747	-114.998	159.821	-179.517	-60.935	-177.517	-176.732	-178.41	
17	-9.0976	82.212	-9.554	-178.207	-174.802	76.992	-2.855	-64.829	-38.948	-179.643	-69.45	-37.214	179.049	-71.008	-37.301	179.129	177.698	-97.28	-158.46	119.485	-177.778	-175.263	175.706	179.491	179.936	
18	-9.05537	-83.587	155.188	-178.035	-174.672	80.054	-167.093	-153.291	90.89	168.045	80.675	-76.285	-171.395	-136.818	19.717	-173.784	58.003	-85.972	-156.882	137.313	179.344	-171.827	174.99	179.926	-60.01	
19	-8.78769	-84.463	151.743	179.034	177.43	-110.523	149.853	-161.883	73.909	179.374	69.339	-87.702	-179.713	-102.88	-13.673	-176.307	69.684	-94.227	-72.196	-45.479	178.435	-66.86	178.821	-177.555	-59.032	
20	-8.54718	-82.43	154.172	-176.996	-167.326	87.306	-148.41	-158.475	79.03	174.214	68.55	-91.711	178.106	-87.531	-27.28	-179.171	-58.106	106.896	-77.945	133.722	-178.467	-66.378	177.542	82.703	-62.841	
21	-8.53388	-176.206	-22.296	178.269	172.325	60.292	-151.174	88.327	29.454	171.428	76.496	-78.172	-178.425	-95.585	-38.42	-177.808	-58.581	103.45	-164.884	159.965	-177.221	57.552	-178.398	179.05	-60.11	
22	-8.47338	-82.486	149.561	179.4	-179.677	-102.863	176.514	-168.193	46.478	174.771	77.938	-74.378	-177.909	-79.297	-7.869	174.348	68.571	-96.601	-138.819	166.66	-179.349	59.403	176.966	179.875	-60.212	
23	-8.4347	82.596	-9.659	-178.724	-170.811	81.652	-2.609	-68.305	-36.783	179.586	-70.328	-37.646	178.509	-69.428	-43.677	175.731	175.477	-110.994	-141.778	112.18	-176.903	-82.205	-178.083	177.402	178.163	
24	-8.40797	-98.194	166.077	-169.837	60.515	-82.049	6.471	-59.452	150.114	-177.911	87.967	-63.724	174.15	-68.418	-28.064	170.158	177.299	-121.282	-125.703	153.944	-179.218	-60.746	-174.585	-172.872	-56.433	
25	-8.24507	-176.866	-20.257	179.274	179.737	-101.069	150.008	-70.355	77.129	-174.803	155.227	-38.073	173.156	-78.161	-42.044	177.741	176.976	-101.201	50.017	-109.785	177.61	-59.034	-66.095	-176.227	-57.117	
26	-8.20966	-82.758	149.696	178.549	179.036	79.173	178.298	-170.636	46.804	174.905	78.201	-73.777	-178.278	-77.842	-8.58	173.491	68.672	-96.808	-138.663	166.386	-179.252	60.126	177.545	-179.74	179.957	
27	-8.17792	-84.839	156.359	-176.696	-178.769	-119.467	152.17	-164.552	55.874	177.527	77.933	-76.707	-168.603	-92.783	-13.282	-172.225	68.627	84.131	-70.298	-37.665	178.412	-65.544	179.171	-175.542	59.79	
28	-8.15141	-84.062	153.138	-179.288	-179.537	71.539	179.64	-166.108	69.299	-179.61	63.761	-98.582	177.206	-69.342	-33.831	-178.676	177.921	79.98	-79.079	144.721	-178.76	-65.382	-179.212	-179.291	-59.938	
29	-8.09363	-78.859	140.779	-168.99	-169.041	72.427	178.336	-88.72	64.031	173.74	72.394	-79.07	-175.736	-125.687	12.458	-173.82	59.816	-88.93	-149.473	145.122	-179.796	-170.596	173.92	179.977	-60.036	
30	-8.01694	-85.451	156.301	179.425	-179.852	-108.108	142.093	-166.732	74.77	179.58	64.954	-98.58	176.993	-77.268	-27.568	-178.719	71.899	-95.584	-71.129	126.396	-178.689	-162.256	-161.505	-68.431	-170.312	
31	-7.952	-166.971	-38.656	-179.197	176.467	-98.858	-171.619	-67.027	-35.564	179.016	-74.709	-35.989	-179.331	-69.535	-39.62	176.749	177.535	70.684	-81.593	-14.796	179.677	-67.624	-70.459	-179.46	-56.616	
32	-7.95032	-69.887	170.553	-176.664	63.551	87.89	-177.687	-62.937	93.47	-175.231	145.788	-37.441	177.347	-109.216	-48.138	-177.894	169.313	-111.912	-156.837	-63.611	-177.931	-173.824	175.535	179.869	-60.064	
33	-7.87166	-169.058	-32.093	-176.647	176.305	87.542	-167.034	-63.303	148.039	-179.093	81.546	-64.446	177.374	-57.787	-42.378	177.365	173.503	-121.497	-142.077	-2.675	-179.526	-79.082	-177.443	173.626	177.366	
34	-7.82983	-162.115	-39.572	177.29	-171.483	89.337	-5.135	76.404	-75.168	-172.189	151.848	-33.729	172.545	-60.444	-29.822	178.531	67.373	-94.895	-71.03	-31.747	175.904	-172.247	171.093	176.135	-60.585	
35	-7.79486	-168.686	-30.536	-179.096	-179.494	-92.452	175.958	-64.126	147.76	-178.325	81.289	-63.205	175.463	-55.612	-42.28	176.168	172.05	-120.242	-141.207	-10.986	-179.38	-79.549	-177.713	174.267	177.58	
36	-7.77939	53.73	13.082	-176.131	60.901	90.278	-151.814	75.662	-161.319	177.337	62.294	-115.647	-177.908	-87.495	-15.041	-178.713	-179.172	-108.488	50.75	41.018	-177.168	-59.336	-178.824	178.063	-64.409	
37	-7.75754	-78.969	142.35	-170.842	177.426	-124.655	-1.924	-59.801	-38.438	-177.543	-67.928	-32.96	-175.243	-83.093	-34.817	-179.597	179.587	62.193	-160.619	154.022	-179.061	59.366	-175.358	176.474	177.341	
38	-7.74258	-172.168	-26.29	176.947	173.539	61.654	-154.534	105.596	-46.901	178.715	94.871	-54.556	171.987	-61.346	-25.263	178.077	65.225	-97.196	-61.761	130.71	-179.09	-175.189	173.367	176.693	-60.439	
39	-7.69751	-82.31	144.295	179.933	178.722	-108.715	144.077	-148.44	66.976	178.388	66.459	-93.059	176.816	-83.4	-29.969	-175.409	-179.966	80.224	-74.878	-43.182	173.001	-66.282	-179.747	-179.187	-59.921	
40	-7.68186	-82.364	144.529	179.881	178.366	-109.043	145.037	-149.104	67.271	178.029	67.292	-92.271	177.213	-87.082	-25.814	-177.041	71.954	-95.476	-74.936	-47.051	174.409	-170.552	176.793	179.725	-60.011	
41	-7.61864	-77.69	138.069	-170.876	177.552	-126.655	-1.76	-62.2	-36.401	-178.157	-63.998	-35.091	-179.016	-82.709	-36.873	-178.403	-179.221	76.993	-85.926	91.828	-177.997	-66.937	177.528	178.697	-60.989	
42	-7.55508	-167.674	-30.799	-177.693	-177.862	-100.03	1.565	-72.881	76.436	179.797	165.291	-61.953	-179.023	-97.478	-12.264	172.594	66.536	-95.964	52.925	-113.664	178.106	-57.926	-67.442	177.645	-59.034	
43	-7.55236	-80.768	145.994	178.232	-166.798	95.788	-151.117	-159.904	84.18	-171.322	80.628	-55.378	168.419	-127.713	168.068	-178.847	61.381	-88.641	-77.536	111.882	-178.895	-171.242	176.044	-179.704	-59.934	
44	-7.51173	81.248	-9.913	177.234	174.431	59.933	-147.167	75.366	28.672	172.577	77.564	-76.576	-176.2	-92.72	-42.466	-175.333	177.204	71.382	-162.909	142.066	-177.417	-171.507	174.204	-179.891	-60.009	
45	-7.50369	-85.712	155.402	179.658	177.897	66.451	-25.051	-169.632	75.767	-175.746	73.068	-73.986	170.065	-97.776	-45.403	-175.728	176.384	70.693	-163.274	144.391	-179.486	-171.529	173.847	179.984	60	
46	-7.41488	-82.111	153.655	-176.545	-169.89	-96.187	21.584	-153.532	79.267	169.385	78.191	-79.125	-169.141	-89.899	-30.648	-173.933	-57.57	104.981	-160.547	169.568	179.24	59.838	-176.259	-82.634	-177.267	
47	-7.38278	-84.194	151.161	177.777	178.29	70.018	-27.792	-163.962	71.987	-172.066	75.124	-66.394	169.025	-80.402	156.667	174.822	-179.76	73.973	-120.128	126.146	-179.523	-168.964	175.672	-179.097	60.109	
48	-7.37171	-85.374	152.362	178.698	178.734	-109.96	151.084	-165.314	71.579	-174.027	75.529	-68.35	171.192	-73.104	154.446	-178.183	-178.863	-109.418	-58.433	-55.617	179.021	-173.859	175.5	179.87	59.985	
49	-7.36027	-164.178	-45.611	-177.465	177.454	-97.731	177.361	-74.049	-27.515	178.441	-64.79	-35.256	178.418	-85.318	-40.028	179.064	-60.924	103.143	-104.357	86.504	-177.241	-60.752	-173.832	-173.778	-59.142	
50	-7.33771	-166.194	-35.879	-177.364	179.422	-90.084	176.46	-62.771	147.117	-178.769	83.833	-61.321	-179.859	-66.553	-37.209	-179.346	-58.323	-68.824	-137.557	-17.556	-179.393	-64.403	-174.609	-178.758	-179.87	
51	-7.33554	-80.83	146.119	-177.243	-168.735	-88.344	39.36	-150.787	74.996	177.429	66.225	-94.174	176.746	-83.602	-30.192	-176.093	-179.95	-99.785	-74.087	-42.416	170.778	-66.467	-179.736	-179.259	-59.884	
52	-7.32329	-83.758	152.244	179.384	177.521	-109.677	149.191	-163.706	73.375	177.741	73.662	-86.057	-177.366	-87.993	-50.175	179.925	177.711	-101.228	-78.442	160.789	-178.768	74.254	-170.618	175.282	173.606	
53	-7.23935	-172.094	-26.655	177.146	173.368	57.317	-155.304	109.891	-32.599	176.59	87.925	-63.255	178.751	-67.593	-21.645	-179.773	65.778	-98.605	-56.08	126.472	-177.248	-176.681	172.72	176.501	-60.484	
54	-7.16573	-165.792	-36.854	-177.299	-178.46	-88.71	1.221	-76.805	74.934	-175.912	136.203	-43.657	175.486	-74.486	-24.952	172.001	-179.638	-121.774	-133.212	-5.561	179.771	-62.197	-170.53	-174.782	-56.297	
55	-7.1508	-164.229	147.788	174.261	60.361	-86.435	4.698	59.866	-105.662	-176.112	-76.889	-30.7	-177.05	-82.607	-21.791	172.231	-59.988	-71.765	-158.436	119.475	-177.675	-168.001	178.358	179.801	-60.028	
56	-7.14467	177.954	-9.817	169.701	-179.72	50.61	-4.858	60.819	43.307	179.49	77.587	-72.006	179.147	-146.569	31.838	-176.36	-59.445	102.514	-87.257	130.433	-179.2	-167.919	177.783	179.795	-60.023	
57	-7.11004	68.442	13.465	-173.836	-167.321	-111.011	4.169	-65.843	-24.018	-179.505	-64.453	-30.055	-175.379	-89.207	-22.646	179.137	-67.291	-89.236	-69.463	130.699	-178.416	-69.198	-177.394	-173.262	-55.425	
58	-7.10431	-86.197	155.341	179.685	177.516	-113.822	155.994	-169.897	75.682	-176.349	75.27	-72.178	173.956	-98.777	-45.013	-176.838	-59.594	102.228	-165.382	165.548	-179.219	57.76	-179.066	179.077	179.903	
59	-7.09422	-177.133	-15.999	172.103	55.563	-87.574	-167.944	102.264	-159.722	-178.236	68.045	-84.362	177.524	-93.625	-39.948	-177.596	-61.373	100.753	-166.662	163.083	179.288	57.082	-178.628	178.155	-179.465	
60	-7.05618	-67.256	56.157	176.865	-52.77	-68.464	0.53	76.137	-84.718	-176.49	-71.408	-43.188	178.336	-72.618	-35.207	-178.731	174.732	-103.58	-164.342	118.59	-178.184	-173.732	175.612	179.841	-60.043	
61	-6.85829	-163.734	-38.343	179.214	-178.234	-87.516	0.308	-160.6	63.153	177.86	65.507	-98.086	177.311	-70.724	-27.897	178.538	72.546	-94.688	-82.097	-39.53	168.367	-169.719	171.295	174.864	-60.255	
62	-6.85446	-81.227	141.752	-171.589	178.315	53.764	2.33	-61.654	-39.255	-177.385	-65.449	-34.489	-178.79	-79.996	-36.36	179.446	178.573	-103.907	-157.374	122.357	-178.205	-173.236	175.558	179.922	59.985	
63	-6.82636	175.515	-8.412	176.047	62.2	-84.999	-166.601	81.674	-143.219	179.871	65.966	-98.254	177.133	-86.355	-27.08	179.83	-58.288	107.122	-74.839	128.868	-178.608	-172.73	177.17	179.526	-60.052	
64	-6.75632	-84.378	147.247	176.29	174.487	-99.134	150.684	-162.695	81.487	-169.864	80.948	-56.175	169.531	-124.416	164.895	-179.156	61.411	89.763	-82.308	117.854	-179.038	-170.96	176.384	-179.807	-60.005	
65	-6.64024	-83.062	155.425	175.127	-59.944	101.799	-0.169	-76.656	73.025	-172.049	77.86	-70.865	173.249	-143.04	19.627	-171.17	57.708	-85.526	-108.064	122.145	179.933	-63.248	-179.319	-176.096	-57.872	
66	-6.6293	-168.589	-35.723	-177.614	170.232	-120.165	179.493	67.13	-149.17	176.24	64.13	-97.079	175.934	-69.308	-35.263	-179.202	178.683	-101.094	-83.626	135.577	-178.427	-64.659	-178.578	-174.109	60.925	
67	-6.57042	-85.75	156.28	-179.64	175.393	-111.743	156.215	-172.356	78.922	-177.748	77.199	-73.966	176.873	-142.118	26.804	-179.334	-57.058	100.612	-78.367	-45.709	179.667	-169.101	178.186	179.473	59.943	
68	-6.56516	-83.152	159.491	177.317	-171.98	-94.505	-176.273	103.628	140.342	179.758	77.053	-74.474	-176.79	-80.325	-15.899	173.464	71.276	-95.275	-152.056	128.627	179.962	-170.577	-177.535	178.68	179.841	
69	-6.56515	-83.07	159.45	177.305	-172.066	-94.478	-176.321	103.712	140.145	179.724	77.082	-74.455	-176.802	-80.346	-15.855	173.495	71.335	-95.253	-151.967	128.72	-179.999	-170.609	-177.579	178.616	179.806	
70	-6.55117	-165.115	156.969	175.672	59.151	90.307	-7.663	53.169	-127.767	175.073	-108.118	10.859	-179.403	-83.989	-36.709	175.873	-176.179	84.712	-156.062	-42.872	176.99	-170.088	70.31	-178.881	-59.869	
71	-6.54612	50.263	18.725	-177.29	52.772	-94.006	1.915	92.665	154.715	179.495	75.391	-75.796	-177.158	-72.494	-36.334	179.923	176.731	-121.406	-161.66	163.956	179.625	61.03	-175.254	176.545	-62.376	
72	-6.52946	-84.748	22.818	-174.474	48.943	-94.106	-0.013	72.833	-167.184	178.167	63.439	-102.032	-178.683	-85.88	-20.834	176.479	-177.859	-120.852	-133.73	80.045	178.624	-64.591	-170.977	-177.29	-57.334	
73	-6.47108	-178.07	-15.796	178.861	-173.396	-99.581	179.224	96.652	-63.193	-177.74	-63.467	-49.272	-173.213	-86.408	-28.861	-175.634	-53.312	-46.757	-161.899	152.635	-179.155	59.174	-174.145	-179.931	-178.125	
74	-6.31066	-168.763	-31.05	-177.945	-179.943	85.414	-0.868	-172.18	72.918	178.449	68.666	-92.584	-178.643	-93.122	-15.501	178.74	72.522	-94.882	-71.962	-39.461	178.403	-66.212	-178.733	-177.452	61.637	
75	-6.18178	-77.573	150.21	178.186	174.12	-103.001	4.894	-69.085	87.51	-177.325	161.397	-59.866	171.931	-81.996	-27.583	170.973	-59.132	-65.825	-119.51	162.952	-179.377	-59.08	-68.561	176.236	-60.573	
76	-6.04501	-170.643	-20.855	168.668	-171.056	-123.794	175.248	59.52	47.911	179.468	81.974	-69.841	-179.393	-160.029	67.103	170.964	-173.274	-114.948	-161.769	-174.121	179.603	56.699	176.642	177.737	176.503	
77	-5.93627	-37.616	-39.658	-178.17	-175.647	-95.095	170.016	-64.242	107.826	-178.289	75.737	39.769	-179.5	-155.513	-49.482	175.275	173.461	-122.615	-136.142	-2.754	177.958	-78.289	179.797	174.517	177.566	
78	-5.92347	82.124	-31.463	-178.433	-173.567	-87.334	3.016	83.768	46.643	178.625	174.91	-74.542	176.91	-69.923	-30.515	-179.713	177.29	-115.97	-162.906	168.354	179.505	59.717	-175.15	177.084	-60.934	
79	-5.87579	-167.282	-49.857	-174.529	163.063	-114.615	-179.744	65.495	-95.719	178.695	63.212	-97.842	179.828	-81.413	-27.003	-179.265	-55.807	-67.855	-83.604	127.465	-178.489	-63.983	-179.898	-82.006	-176.323	
80	-5.81257	-169.16	-30.65	179.381	179.295	73.27	2.841	90.754	35.223	169.482	72.171	-84.355	-177.75	-102.035	-19.441	-170.604	68.545	-94.874	-71.589	115.396	-177.545	-172.847	176.242	179.821	179.976	
81	-5.77471	-77.697	155.309	178.436	-178.822	-101.505	2.326	-71.724	76.859	179.77	161.913	-53.999	179.546	-91.901	-24.758	178.783	-54.868	-60.797	52.513	-142.4	178.565	-54.518	-66.109	-178.651	-58.222	
82	-5.76167	178.24	-12.448	179.825	-172.337	-98.24	179.303	93.38	-65.299	-178.522	-62.224	-49.576	-176.703	-87.42	-23.654	-179.604	-51.875	-48.113	-156.13	111.412	-178.174	-173.371	176.03	179.792	179.975	
83	-5.62024	-83.311	159.741	177.485	-172.217	-95.321	-175.959	103.576	139.903	179.807	77.194	-74.271	-176.829	-80.68	-15.363	173.516	71.53	-95.097	-152.148	128.827	-179.798	-168.685	-174.047	-79.949	-175.453	
84	-5.61884	179.873	-17.664	-179.678	55.473	86.348	-2.842	70.002	-89.298	173.869	-144.451	27.579	178.06	-81.797	-30.335	-179.79	-179.063	-100.415	-69.853	-44.431	178.285	-172.082	175.671	179.84	-59.983	
85	-5.56488	-84.089	148.87	179.481	177.04	-118.172	158.985	-158.861	66.218	179.897	80.539	-67.169	-179.156	-84.1	158.544	178.555	-57.977	106.681	-163.223	-11.37	-179.808	53.545	178.488	176.05	-60.662	
86	-5.49707	-152.781	-33.097	174.82	-48.925	-62.033	177.448	-171.864	-73.834	175.004	-80.092	-32.56	-178.139	-70.401	-45.576	174.473	176.739	-127.727	-165.006	-19.596	175.466	60.746	-173.893	-179.975	-59.696	
87	-5.34377	-167.071	157.283	170.005	61.573	90.297	-3.328	69.21	15.455	179.942	72.863	14.591	179.357	-96.057	-29.497	-177.178	-51.982	131.85	-162.953	-9.713	174.275	60.923	-170.319	86.037	178.788	
88	-5.18369	-75.867	149.889	178.828	178.03	-110.147	-179.181	-168.99	43.169	-179.418	76.529	-74.831	-170.328	-80.62	-16.06	-178.844	68.71	82.508	-67.124	-43.731	177.996	-66.054	-174.221	-176.007	59.97	
89	-5.16202	-85.3	151.605	179.343	174.928	-107.894	2.935	-80.22	68.182	-179.679	-91.264	-11.739	-177.771	-138.591	20.235	-175.235	57.318	-84.708	-166.409	-13.266	178.84	56.071	179.417	179.356	61.485	
90	-5.07335	-88.909	158.019	175.528	-175.716	-102.215	-1.512	65.192	-99.961	178.483	-68.409	-25.202	175.768	-119.741	46.196	176.809	-54.518	99.196	-71.641	127.838	-178.798	-169.683	71.393	179.59	-179.913	
91	-5.0284	-84.56	162.853	-176.922	56.903	90.592	-176.634	-75.988	84.437	176.416	-172.688	-128.813	-178.055	-62.591	-31.76	-177.963	175.092	-106.405	-147.862	114.723	-178.658	-175.819	172.413	78.365	-66.15	
92	-4.99193	-88.446	146.703	171.655	178.622	-101.303	-179.05	74.007	-92.87	-176.313	-72.559	-38.048	-179.495	-83.172	-35.552	176.826	-60.52	104.51	-138.412	102.465	-176.846	-65.609	-174.451	-178.945	-179.862	
93	-4.65039	69.752	16.159	-177.357	-56.25	109.386	-2.739	86.411	98.298	-175.462	78.999	-70.066	172.523	-72.282	144.05	-179.644	176.349	-117.573	-132.295	-16.795	179.131	-62.755	-67.846	164.139	-61.838	
94	-4.38784	-85.624	159.725	-179.911	-174.159	-99.118	-4.961	106.256	140.208	179.968	74.335	-77.807	-177.174	-78.311	-23.823	175.361	-178.733	-121.946	-131.498	128.777	-179.939	-65.397	-175.127	-178.875	-57.345	
95	-4.27176	-76.279	92.939	-178.503	173.266	-124.595	141.909	-89.245	-17.192	-172.435	-84.467	63.098	-178.87	-71.078	-33.324	178.647	-62.515	110.529	-72.385	126.47	-178.356	-171.18	70.206	-178.879	-179.839	
96	-4.11702	-84.86	130.63	172.138	53.766	93.861	-8.498	61.227	29.185	174.037	100.895	-17.964	-175.973	-71.913	-26.487	-179.424	-172.715	-93.506	-159.582	141.193	179.917	-172.052	174.634	179.841	-60.085	
97	-3.219	-167.749	-34.474	179.803	174.422	-112.537	179.096	78.582	-71.736	179.238	66.234	-94.117	-179.546	-86.422	-28.052	-178.8	-58.11	-73.263	-160.089	118.642	179.31	-173.165	175.86	179.874	179.976	
98	-2.9941	169.978	51.471	179.515	-60.848	118.568	179.547	69.959	37.466	-177.108	163.829	-57.359	170.306	-66.252	-36.468	176.101	174.173	75.965	-154.377	140.393	-179.996	-167.339	70.955	-178.987	-59.863	
99	-2.62184	75.056	2.667	-177.971	-173.142	69.901	-178.878	-140.444	176.788	-178.723	67.442	-100.21	174.606	-79.388	-31.339	-177.896	-179.189	76.05	-95.957	176.103	178.725	-62.553	-177.227	-179.376	60.045	
100	2.26619	-156.613	-33.522	176.742	-51.183	-69.36	178.853	-162.542	-139.366	177.56	-59.403	128.146	-174.35	47.184	50.197	-177.999	-51.999	104.491	55.131	-100.727	177.201	-167.273	74.327	-177.74	-59.652	
