1	-10.2816	-84.079	152.42	-179.114	179.325	-112.561	146.503	-159.393	69.25	177.432	66.25	-94.716	176.773	-77.762	-32.731	-177.09	178.978	-99.737	-79.02	141.918	-178.846	-65.415	-179.208	-179.319	-59.936	
2	-10.2474	-84.294	151.4	179.195	176.492	-108.726	149.161	-162.398	76.579	178.364	70.142	-91.471	178.132	-99.374	-14.506	175.543	72.887	-94.027	-74.603	132.485	-178.933	-64.831	-176.658	-177.151	-57.228	
3	-10.1514	-82.399	154.224	-176.97	-167.483	87.273	-146.367	-157.954	78.639	173.834	66.74	-95.639	177.584	-77.797	-32.635	-176.965	178.966	-99.844	-78.995	134.017	-178.397	-65.54	-179.26	-179.356	-59.943	
4	-10.1337	-84.081	152.034	-179.478	178.827	-111.272	146.351	-159.71	70.739	177.392	66.853	-94.693	177.676	-81.608	-26.9	-179.247	72.593	-95.335	-77.987	131.656	-178.919	-171.335	176.595	179.481	179.904	
5	-9.99163	-82.864	155.212	-177.345	-167.185	87.853	-145.495	-160.526	79.675	174.517	66.938	-96.549	177.027	-78.738	-32.777	179.874	-179.36	80.461	-72.234	129.09	-178.388	-173.732	176.547	178.872	179.818	
6	-9.82544	-84.083	152.578	-179.32	179.019	-112.072	146.639	-160.172	70.502	177.367	66.544	-95.178	176.844	-78.495	-32.387	-177.038	179.383	80.432	-79.071	142.994	-178.878	-65.842	179.851	-84.076	-58.134	
7	-9.7682	-84.079	152.534	-179.051	179.28	-112.728	146.691	-159.541	69.297	177.358	66.267	-94.803	176.756	-77.639	-33.151	-176.775	178.596	-98.824	-79.958	144.467	-178.877	-65.316	-71.268	179.433	60.421	
8	-8.88762	-81.835	145.787	-177.538	178.953	-119.103	153.682	-149.14	54.223	173.514	78.655	-77.501	-172.01	-70.828	-33.234	-177.899	178.207	-116.447	-160.939	168.563	179.094	60.934	-175.445	177.161	-60.391	
9	-8.20924	-82.767	149.696	178.575	179.04	-100.762	-1.668	-170.669	46.826	174.908	78.184	-73.774	-178.284	-77.821	-8.588	173.478	68.663	-96.809	-138.661	166.383	-179.259	60.168	177.563	-179.743	-60.097	
10	-8.20055	-81.943	152.386	-178.031	-166.925	-91.106	31.281	-159.422	79.513	176.935	70.781	-87.629	179.162	-105.409	-12.426	-176.345	69.204	-93.892	-73.786	-45.672	178.187	-66.485	179.061	-177.698	-58.901	
11	-7.91733	-75.624	107.791	-173.286	178.209	-102.99	36.149	-93.604	66.505	169.943	80.207	-70.35	-177.838	-89.079	-38.117	-172.532	178.07	-111.145	-158.519	148.894	175.662	-171.65	172.385	-179.99	179.989	
12	-7.75372	-84.363	151.649	179.321	177.501	-105.365	1.052	-166.504	76.586	-179.07	67.488	-95.907	179.808	-92.618	-15.038	173.653	74.466	-94.386	-74.907	133.366	-178.847	-64.736	-175.925	-176.917	-56.797	
13	-7.6818	-82.476	144.534	179.868	178.361	-109.046	145.091	-149.109	67.267	178.015	67.301	-92.263	177.211	-87.099	-25.795	-177.051	71.964	-95.483	-74.942	-47.048	174.417	-170.563	176.8	179.67	-60.038	
14	-7.6597	-84.12	153.65	-179.486	-179.762	72.132	-179.872	-167.158	71.026	-179.661	63.965	-99.599	177.436	-70.041	-33.607	-178.582	178.378	80.249	-79.462	146.962	-178.796	-66.104	179.925	-84.732	61.251	
15	-7.6069	-174.209	-22.513	179.628	55.627	88.263	4.333	-128.821	54.858	178.319	67.402	-93.531	178.018	-83.454	-27.104	-178.644	-58.61	-72.154	-82.566	120.8	-177.681	-64.127	-178.441	-179.278	-59.935	
16	-7.51154	81.235	-9.927	177.23	174.436	59.924	-147.164	75.401	28.626	172.602	77.573	-76.545	-176.186	-92.715	-42.487	-175.323	177.208	-108.633	-162.901	142.056	-177.422	-171.51	174.202	-179.874	-59.994	
17	-7.50611	-179.732	-16.916	178.506	61.163	88.895	-3.679	69.248	-91.219	175.996	-145.327	30.672	176.498	-71.766	-29.844	179.566	179.053	79.265	-72.484	129.015	-178.35	-68.996	178.677	178.082	-61.669	
18	-7.49203	67.663	17.847	178.144	-170.332	-113.789	-176.168	58.542	40.387	-179.139	78.18	-71.287	-177.763	-143.614	23.149	-172.052	56.802	95.47	-89.841	111.581	-178.013	-169.886	177.552	179.82	-60.029	
19	-7.34715	-77.644	143.776	-179.1	174.664	61.752	-177.987	-63.694	147.489	-177.308	88.557	-60.898	170.662	-63.135	-31.083	169.077	175.632	-122.34	-120.708	150.726	-179.153	-59.166	-175.679	-174.283	-57.156	
20	-7.0714	-83.965	152.376	178.607	179.155	-109.779	150.53	-165.408	71.365	-173.578	75.541	-68.143	171.176	-73.949	155.809	-179.901	-179.174	-107.98	-57.541	120.574	-178.607	-174.869	172.879	80.396	-64.079	
21	-7.04731	-81.119	145.798	178.235	-166.825	95.71	-151.059	-159.556	83.674	-171.389	80.906	-55.029	168.771	-127.926	167.514	-178.919	58.342	-89.925	-78.964	-60.933	179.702	-171.123	176.092	-179.734	-59.994	
22	-7.02737	-85.886	155.187	179.142	176.997	67.161	-23.082	-170.852	77.805	-174.635	77.39	-65.868	169.81	-112.44	-53.026	178.673	173.006	59.252	-144.297	154.663	-179.011	-79.783	-175.037	177.15	58.021	
23	-6.83572	-163.717	-38.489	179.308	-178.382	92.133	-0.634	-160.254	63.09	177.839	65.529	-98.008	177.309	-70.788	-27.904	178.541	72.567	-94.685	-82.118	-39.563	168.33	-169.747	171.285	174.875	179.741	
24	-6.82631	175.533	-8.418	176.047	62.199	-84.992	-166.639	81.673	-143.211	179.869	65.964	-98.264	177.137	-86.35	-27.064	179.813	-58.286	107.144	-74.836	128.87	-178.608	-172.731	177.177	179.513	179.947	
25	-6.79986	-167.596	-30.889	-177.916	179.388	-95.604	1.362	-173.398	67.689	174.638	66.018	-96.784	175.388	-65.019	-35.055	177.274	177.518	-100.778	-82.322	145.045	-179.459	-64.339	-178.138	-179.334	-59.939	
26	-6.70256	-175.585	123.134	175.399	49.869	-84.051	175.829	58.365	-109.755	-173.589	-79.707	-27.88	-176.977	-69.889	-42.24	178.154	179.213	80.681	-164.653	135.587	-178.773	-172.238	175.39	179.863	179.986	
27	-6.5421	-88.412	160.479	179.234	-168.965	82.143	3.307	102.427	149.967	-179.818	76.339	-75.836	-176.899	-78.503	-20.013	172.385	71.003	-95.314	-156.553	127.639	178.914	-171.406	-179.632	177.991	179.894	
28	-6.53069	-86.468	26.723	-174.919	49.579	-90.817	2.712	85.306	153.41	179.639	75.319	-75.376	-177.214	-72.048	-37.027	179.21	177.858	-120.325	-161.882	161.65	179.733	61.264	-175.04	175.504	-64.107	
29	-6.52549	-84.249	151.014	178.847	177.64	73.605	178.639	-165.726	73.234	-177.753	66.388	-93.663	-178.516	-93.883	-15.537	-179.873	72.129	-94.926	-71.384	-43.638	176.798	-66.443	-179.611	-177.596	-58.625	
30	-6.36359	-81.634	14.547	-163.613	66.578	-85.268	-20.755	78.365	-162.027	-179.591	64.405	-106.927	178.952	-86.083	-19.795	179.634	-174.783	-115.341	-125.673	77.74	179.594	-62.297	-175.864	-177.059	-57.342	
31	-6.27057	-50.431	-51.379	-179.922	179.462	-95.112	-177.949	-70.432	-35.462	178.328	-76.089	-34.044	-179.695	-70.009	-40.542	175.992	179.554	-108.752	-85.675	-6.581	-179.693	-66.966	-177.795	175.192	-59.874	
32	-6.25009	-163.459	141.45	-177.134	53.105	-88.497	173.679	64.459	-93.754	172.961	-145.872	30.032	-178.133	-80.688	-39.433	-179.546	-178.07	80.011	-84.639	135.664	-178.647	-66.301	-179.007	-179.953	-60.559	
33	-6.24721	-38.8	-36.53	-178.536	-177.456	-95.816	178.83	-168.333	70.932	175.944	66.584	-96.256	177.209	-72.338	-30.54	178.548	-178.304	-99.336	-78.022	133.582	-178.799	-64.7	-177.998	-175.934	-57.443	
34	-6.1904	-79.638	147.507	-177.999	176.755	64.54	-178.94	-62.115	147.703	-177.775	83.546	-62.515	175.064	-60.883	-34.262	178.688	173.726	-106.59	-146.681	141.234	179.975	-170.867	175.118	179.888	-60.015	
35	-6.18065	-92.879	44.777	176.295	-51.979	-64.524	0.388	80.708	-79.453	-179.393	-70.278	-40.29	177.333	-74.055	-32.387	-177.252	175.873	-107.485	-162.738	119.572	-178.013	-171.029	70.629	-179.027	-179.87	
36	-6.11611	-166.449	-37.253	-179.609	179.16	87.188	-0.847	-171.247	75.497	174.6	63.775	-100.016	177.1	-63.18	-34.904	177.346	177.507	-100.403	-80.325	-40.661	166.938	-65.664	179.918	-84.827	59.202	
37	-5.98694	-38.817	-34.423	-178.522	-57.736	110.322	-179.24	-163.458	66.233	175.115	65.535	-97.846	177.923	-67.891	-28.161	176.93	71.776	-94.687	-81.731	119.474	-177.144	-169.364	-176.462	174.413	-60.811	
38	-5.98055	-42.138	-45.497	178.976	-179.775	-99.419	0.831	-80.346	70.458	-173.237	76.635	-70.015	172.984	-144.312	21.993	-172.2	57.325	-84.858	-111.343	119.592	-178.741	-62.854	-178.433	-175.628	-57.435	
39	-5.93627	-37.616	-39.658	-178.17	-175.647	-95.095	170.016	-64.242	107.826	-178.289	75.737	39.769	-179.5	-155.513	-49.482	175.275	173.461	-122.615	-136.142	-2.754	177.958	-78.289	179.797	174.517	177.566	
40	-5.92333	82.133	-31.417	-178.456	-173.59	-87.371	3.001	83.815	46.448	178.648	175.092	-74.777	176.895	-69.659	-30.564	-179.738	177.229	-115.98	-162.848	168.358	179.503	59.723	-175.128	177.057	-60.95	
41	-5.88476	68.814	12.58	-173.897	-167.161	-110.919	3.479	-62.009	-31.565	-178.086	-62.347	-34.82	-179.057	-88.146	-40.709	178.134	-63.192	-81.536	-159.209	123.329	-179.128	-170.201	-92.097	178.442	179.756	
42	-5.86431	-159.836	-39.982	175.437	-63.491	-64.394	-0.829	59.325	-106.454	-173.103	-73.489	-25.33	-177.593	-72.096	-22.354	169.771	-176.666	67.42	-134.217	82.807	-177.855	-66.842	-175.738	-172.434	-58.317	
43	-5.73754	-93.867	152.727	-170.46	64.411	-85.618	-178.73	-91.96	65.052	177.24	65.871	-92.608	176.758	-83.504	-32.743	-176.513	-179.141	-99.353	-77.425	112.15	-178.296	-172.657	176.654	179.667	-60.046	
44	-5.72884	-85.88	155.315	178.767	176.719	68.157	-23.237	-171.53	78.983	-173.779	77.737	-64.593	169.771	-117.548	-50.577	-178.953	-60.735	97.892	-139.724	151.358	-179.126	-66.878	-173.74	-179.364	-59.953	
45	-5.70229	-87.119	157.557	-179.585	-173.326	-95.119	-171.973	97.451	133.547	-179.113	77.782	-70.39	-179.298	-67.754	-32.576	-179.654	177.296	-116.478	-160.206	158.317	-177.149	59.103	-175.158	176.276	-57.596	
46	-5.58485	69.509	11.418	-176.634	-169.738	68.853	-5.014	-63.408	-28.362	179.117	-62.799	-25.826	-178.876	-113.189	19.46	-178.084	-53.705	-79.586	-160.809	101.235	-178.949	-171.003	71.24	-179.352	60.086	
47	-5.56887	-82.22	144.374	179.991	178.788	-108.828	144.03	-148.416	66.801	178.437	66.287	-92.99	176.654	-82.737	-30.92	-174.673	179.042	80.463	-75.715	-40.733	172.196	-66.288	-71.345	-85.195	-178.973	
48	-5.54611	-167.784	-25.295	-174.843	55.653	-90.061	1.312	-86.304	64.375	-179.401	63.252	-101.556	177.236	-75.788	-32.403	-179.756	-179.568	-99.573	-75.077	132.58	-179.17	-173.163	-93.764	179.306	-59.679	
49	-5.37532	-168.486	-32.757	-179.824	175.146	70.593	-1.122	78.135	-74.105	-179.258	64.599	-99.453	176.336	-73.958	-33.303	-177.349	178.989	-100.913	-86.353	132.916	-178.486	-64.155	-178.293	-179.413	60.049	
50	-5.32901	-89.579	156.056	178.349	-178.198	-98.163	-176.701	79.978	34.91	-178.191	163.583	-57.317	175.177	-74.247	-33.42	179.047	177.35	-118.729	-162.479	175.985	-179.851	59.63	-175.606	178.835	-59.648	
51	-5.27898	-84.065	145.545	176.2	174.889	-100.542	151.336	-160.07	77.372	-169.701	83.38	-55.277	172.558	-136.51	176.413	172.883	64.534	-86.666	-152.744	133.141	179.893	-169.222	70.447	179.233	-60.158	
52	-5.27768	-80.666	126.776	176.777	169.544	55.088	-178.234	55.986	41.088	-176.047	75.002	-74.405	178.835	-143.987	32.148	-177.617	-57.277	100.279	-78.948	-37.749	178.562	-171.483	174.426	175.795	59.606	
53	-5.27736	-51.328	-48.619	177.295	-59.286	101.079	-179.107	-81.717	70.519	179.173	81.795	-72.619	-172.713	-144.888	23.158	-173.542	58.197	-84.114	-164.833	165.954	-179.273	52.074	175.244	177.954	-179.355	
54	-5.1759	-37.794	-42.297	-174.498	-176.696	-87.085	2.753	-71.77	90.971	-178.874	149.904	-61.309	171.433	-70.213	-30.906	173.302	177.662	-119.822	-134.767	175.409	-179.545	-70.938	177.991	82.509	-62.499	
55	-5.16202	-85.3	151.605	179.343	174.928	-107.894	2.935	-80.22	68.182	-179.679	-91.264	-11.739	-177.771	-138.591	20.235	-175.235	57.318	-84.708	-166.409	-13.266	178.84	56.071	179.417	179.356	61.485	
56	-5.14308	-84.003	156.204	-179.523	-166.403	86.167	-155.854	-165.983	84.89	-177.992	77.762	-65.654	170.723	-123.328	-48.536	175.654	-61.028	98.326	-137.486	-37.392	179.15	-66.217	-174.31	-179.468	-59.923	
57	-5.03356	-83.361	154.919	175.599	-60.745	101.208	-0.155	-76.736	72.623	-174.361	77.799	-69.399	176.153	-143.018	18.929	-168.029	60.118	-83.783	-116.878	124.248	179.871	-62.659	-179.232	84.968	58.772	
58	-5.02925	-95.796	167.287	-179.138	66.662	-86.714	1.465	171.962	74.652	176.945	66.189	-97.396	177.527	-69.64	-28.247	176.689	72.016	-94.756	-81.371	133.038	-178.916	-173.645	179.058	176.361	-60.546	
59	-5.0285	-91.406	38.339	-171.87	-59.077	-76.264	179.927	-59.532	-35.383	-176.231	-68.124	-33.602	-173.521	-89.138	-34.463	-177.919	-61.441	102.309	-160.68	156.535	-179.165	55.261	179.312	177.544	178.472	
60	-5.01797	-88.993	158.442	175.597	-175.134	78.334	1.102	65.168	-100.157	178.284	-68.005	-25.817	176.031	-119.018	45.671	176.548	-54.447	99.27	-71.828	-46.662	179.108	-169.287	71.409	179.547	-179.941	
61	-4.98452	-156.954	-36.975	177.531	176.313	78.785	-1.04	-177.488	139.375	178.838	78.052	-75.034	-176.387	-74.829	-20.946	172.373	69.058	-96.231	-157.537	127.578	179.666	-176.072	174.974	179.534	179.925	
62	-4.90993	-38.794	-35.697	-178.32	-53.477	123.24	-179.898	-152.742	40.852	172.432	77.466	-75.33	-177.26	-77.649	-8.375	173.305	69.222	-96.691	-137.505	153.436	-175.972	56.294	175.187	-178.503	-179.624	
63	-4.78792	-83.692	160.46	-174.168	60.86	90.701	174.399	-76.973	84.076	175.665	-168.995	-120.331	-178.81	-69.927	-29.748	-177.022	176.78	-106.221	-151.206	112.244	-178.796	-175.662	172.964	79.155	-65.369	
64	-4.76054	-93.882	152.871	-170.566	64.075	-85.781	-178.705	-91.672	65.242	177.102	65.771	-92.548	176.789	-83.137	-33.292	-175.77	-179.712	81.057	-78.425	112.324	-178.352	-171.177	70.419	-178.92	-59.866	
65	-4.59248	-159.245	-33.753	177.317	-61.433	-87.167	-179.901	80.158	-73.287	-172.73	-66.33	-44.335	-176.705	-68.823	-41.419	176.252	175.525	-128.919	-165.006	-18.334	179.557	60.24	-175.559	178.224	-63.561	
66	-4.57639	-37.475	-35.493	-178.805	-174.654	-90.871	1.031	-171.954	67.096	178.252	69.11	-90.51	-177.605	-92.44	-15.967	-179.256	71.882	-95.101	-70.454	-39.108	176.491	-67.066	-179.556	-177.284	-58.862	
67	-4.45513	-131.947	162.577	177.379	-174.572	-102.084	179.526	75.843	-81.325	179.525	-73.448	-37.931	177.219	-72.31	-34.206	-179.254	179.185	-101.957	-72.069	127.164	-178.344	-175.946	166.179	71.246	169.471	
68	-4.30158	-83.778	152.078	177.636	-62.209	114.659	179.808	-178.275	141.478	177.132	76.933	-76.082	-177.076	-76.744	-16.037	174.526	68.709	-96.2	-152.681	143.47	179.886	179.484	169.663	170.177	178.769	
69	-4.24992	52.886	14.462	-176.47	58.73	89.505	-156.799	75.951	-166.193	177.6	65.911	-105.691	-179.075	-97.434	-11.461	-176.229	-177.806	-108.36	50.684	-147.1	178.458	-54.26	100.786	-179.39	-55.812	
70	-4.24543	174.146	-6.071	175.666	59.719	-85.158	-0.639	135.085	-24.854	-178.399	80.212	-70.543	179.283	-76.955	-22.54	-175.66	68.661	-97.624	-69.005	119.54	-178.36	-172.469	175.934	179.641	-60.049	
71	-4.1816	-75.027	155.182	177.457	60.567	88.021	-7.579	52.455	-125.013	176.713	-105.3	5.239	-178.482	-83.549	-33.417	174.07	-172.821	83.285	-156.38	-48.066	176.672	-129.234	-67.872	179.222	179.934	
72	-4.08831	-111.666	95.258	175.388	-58.849	107.761	-179.628	64.894	-101.871	-178.337	-75.859	-27.177	-178.75	-81.615	-16.864	-178.839	-178.983	78.812	-65.319	128.538	-178.381	-169.672	176.174	-179.792	-179.974	
73	-4.08635	86.619	-35.401	179.403	-179.083	68.619	-178.838	69.913	-152.129	177.71	65.37	-99.577	179.1	-85.964	-27.514	-176.934	-58.638	-70.451	-88.986	139.477	-178.761	-63.713	-176.681	-172.928	61.118	
74	-4.04241	-48.241	-48.458	178.119	-58.291	101.928	-179.259	-84.32	65.735	-175.826	80.113	-73.945	-176.628	-146.822	38.331	177.991	-57.668	-79.294	-161.994	159.702	-179.344	51.236	172.503	179.718	179.907	
75	-3.80799	51.376	17.548	-177.835	56.717	88.897	18.39	80.451	-175.257	178.636	63.972	-111.057	-179.172	-85.841	-17.834	-179.719	-179.64	-108.713	53.487	-150.516	178.733	-55.934	-178.358	179.428	-63.824	
76	-3.70842	-88.246	104.12	172.887	169.493	42.28	-0.94	56.918	-136.453	173.25	-101.775	10.72	-177.59	-88.773	-30.364	175.58	-54.283	103.696	-150.345	136.149	-179.598	-168.176	70.939	-178.925	-179.854	
77	-3.29674	-84.087	43.242	-179.751	-54.311	-66.823	1.618	75.569	83.529	-178.655	82.903	-66.525	175.703	-64.804	133.638	-176.892	175.605	-120.779	-86.023	-27.628	179.042	-64.979	-178.828	-179.58	59.925	
78	-3.02348	-177.575	-26.536	-178.262	65.151	96.796	4.355	144.515	168.637	177.802	63.247	-102.178	-179.861	-83.089	-24.412	178.501	-61.07	-72.015	59.355	-159.151	179.028	-145.707	-175.635	-179.088	59.956	
79	-2.99405	169.94	51.436	179.53	-60.842	118.56	179.548	69.996	37.494	-177.103	163.8	-57.347	170.307	-66.268	-36.475	176.108	174.178	75.944	-154.386	140.407	179.997	-167.322	70.957	-178.975	-179.866	
80	-2.97864	-77.502	157.928	174.919	63.751	90.129	-3.765	68.875	26.889	174.107	81.377	-70.048	-169.304	-64.13	-42.345	-178.207	177.096	-122.919	-94.866	162.208	179.74	-58.725	-172.998	-178.226	-59.494	
81	-2.96237	-65.25	67.816	178.925	-57.083	-66.623	176.803	67.675	40.268	178.171	108.076	-46.219	-179.511	-68.031	138.779	-177.298	176.092	-116.737	-72.051	-43.498	179.043	-171.939	175.645	179.889	60.008	
82	-2.79778	87.294	-36.731	178.756	-178.663	-97.376	179.288	-171.145	54.361	177.472	64.299	-98.541	176.609	-67.746	-34.266	179.743	177.844	-99.156	-80.979	-21.795	170.854	-64.675	-71.026	-179.174	60.662	
83	-2.73299	-36.885	-33.432	179.764	-173.057	-91.773	4.849	-72.312	77.273	-179.607	175.89	-54.473	178.575	-142.428	27.237	179.33	-56.735	-79.908	49.234	-118.07	178.113	-61.897	-174.986	178.474	-60.217	
84	-2.6649	-84.417	146.936	-176.735	-69.982	-96.596	177.791	145.808	81.094	175.327	84.008	-63.794	-179.538	-65.745	-26.398	175.297	-61.069	-69.543	-148.942	141.981	-178.932	-169.4	179.49	-177.134	61.31	
85	-2.62168	75.055	2.661	-177.959	-173.144	69.89	-178.877	-140.366	176.768	-178.737	67.442	-100.239	174.614	-79.373	-31.337	-177.884	-179.181	-103.928	-95.925	175.963	178.724	-62.561	-177.227	-179.362	60.028	
86	-2.58747	78.453	-43.299	173.419	176.704	-132.366	16.863	79.786	26.158	172.288	62.871	-98.588	-177.48	-69.79	-26.549	-178.621	70.582	84.369	-72.775	146.088	179.507	-170.971	174.161	179.742	-60.022	
87	-2.39941	-94.424	165.073	178.403	58.56	84.996	-1.861	-174.594	167.078	176.409	75.686	-78.452	-177.772	-74.925	-22.674	174.842	-179.324	-120.058	-131.221	159.886	-179.083	-68.536	-177.197	-178.453	-58.134	
88	-2.27719	-85.212	158.523	177.487	-63.133	108.114	179.836	-172.339	155.526	175.847	74.427	-81.087	-175.445	-79.022	-20.918	-177.071	-179.471	77.063	-147.931	144.88	179.909	-179.03	171.594	171.608	179.344	
89	-2.25034	67.411	59.171	171.928	-63.513	103.112	0.712	69.684	15.203	179.34	70.137	18.948	178.044	-93.75	-28.176	177.231	-53.686	134.909	-161.878	2.481	177.75	59.591	-178.038	-176.739	61.643	
90	-2.0537	52.056	14.986	-172.803	56.739	86.934	-19.107	161.672	-39.943	179.655	89.739	30.793	174.758	-156.368	163.914	-177.611	52.604	-97.382	-61.365	-75.795	179.276	-72.443	177.226	82.877	-62.683	
91	-1.95699	-85.673	158.83	170.081	67.563	92.431	-2.791	66.974	18.947	177.495	89.657	-8.876	-168.792	-86.419	-34.549	175.599	-50.468	133.111	-141.319	153.469	-179.812	-71.756	-168.235	85.721	179.562	
92	-1.93015	-175.311	143.257	165.403	177.086	-98.844	-2.177	79.19	14.506	175.026	87.965	-56.264	-177.167	-58.768	-24.448	168.142	65.489	-97.968	-120.363	139.826	-179.439	-178.452	173.847	177.754	-59.522	
93	-1.88893	69.656	72.946	-179.639	-60.582	-79.955	0.238	77.034	38.526	-179.978	71.35	35.105	-178.076	-156.948	159.26	171.527	175.078	-101.543	-154.912	139.717	-179.591	-172.856	169.501	79.573	175.943	
94	-1.75221	-169.985	-24.11	-179.168	-61.123	-68.929	-1.335	75.582	-73.318	177.525	-169.019	49.573	166.569	-90.351	-39.425	179.193	-53.641	-41.99	-90.146	142.055	-178.988	-66.63	-178.206	171.773	-63.976	
95	-1.40688	70.734	-4.741	-175.973	63.433	81.812	179.967	-164.769	44.669	173.613	63.919	-94.307	-177.237	-80.275	-21.542	178.177	-179.499	-106.285	53.823	43.974	-178.424	-59.814	178.488	-85.337	-60.239	
96	-1.09768	52.587	16.068	-177.802	58.227	89.558	15.523	77.088	-170.667	-177.984	64.79	-106.783	176.747	-90.296	-21.954	-178.174	-56.719	-74.056	56.359	-155.985	178.981	-147.958	-179.348	-178.714	60.006	
97	-0.127468	-39.374	-31.958	-179.005	-53.757	121.573	-179.438	-146.264	57.621	175.779	75.639	-80.797	-177.05	-86.037	-45.514	177.982	-59.092	106.009	-81.437	148.274	-174.915	74.633	-164.407	85.949	60.682	
98	2.26623	-156.619	-33.519	176.745	-51.176	-69.359	178.854	-162.553	-139.353	177.557	-59.408	128.147	-174.355	47.179	50.203	-178	-52	104.476	55.135	-100.726	177.188	-167.275	74.323	-177.727	60.36	
99	5.63472	59.609	5.464	-174.822	56.423	-96.466	1.589	60.135	-98.661	173.808	-146.95	32.149	-178.117	55.556	-173.906	174.462	-45.156	-68.497	54.984	69.619	-178.983	-164.304	178.29	82.669	-62.713	
100	86151.4	-79.732	-142.998	96.033	-168.208	3.668	-99.158	-158.587	93.051	-110.755	44.42	127.196	97.568	55.699	-121.784	-83.141	-74.093	1.141	128.255	-135.77	-179.748	-77.617	144.555	-176.568	-58.947	
