1	-10.2817	-84.074	152.346	-179.093	179.361	-112.601	146.491	-159.255	69.111	177.464	66.246	-94.646	176.772	-77.75	-32.754	-177.107	178.974	80.224	-79.024	141.973	-178.848	-65.421	-179.208	-179.319	-59.935	
2	-10.2474	-84.294	151.4	179.195	176.492	-108.726	149.161	-162.398	76.579	178.364	70.142	-91.471	178.132	-99.374	-14.506	175.543	72.887	-94.027	-74.603	132.485	-178.933	-64.831	-176.658	-177.151	-57.228	
3	-10.1514	-82.399	154.224	-176.97	-167.483	87.273	-146.367	-157.954	78.639	173.834	66.74	-95.639	177.584	-77.797	-32.635	-176.965	178.966	-99.844	-78.995	134.017	-178.397	-65.54	-179.26	-179.356	-59.943	
4	-10.1337	-84.081	152.034	-179.478	178.827	-111.272	146.351	-159.71	70.739	177.392	66.853	-94.693	177.676	-81.608	-26.9	-179.247	72.593	-95.335	-77.987	131.656	-178.919	-171.335	176.595	179.481	179.904	
5	-9.99163	-82.864	155.212	-177.345	-167.185	87.853	-145.495	-160.526	79.675	174.517	66.938	-96.549	177.027	-78.738	-32.777	179.874	-179.36	80.461	-72.234	129.09	-178.388	-173.732	176.547	178.872	179.818	
6	-9.82545	-84.083	152.589	-179.342	179.036	-112.119	146.633	-160.177	70.486	177.372	66.548	-95.175	176.848	-78.491	-32.39	-177.045	179.362	80.434	-79.075	142.993	-178.878	-65.834	179.862	-84.074	-58.136	
7	-9.76831	-84.072	152.525	-179.046	179.284	-112.737	146.657	-159.521	69.265	177.375	66.257	-94.703	176.792	-77.762	-33.08	-176.801	178.598	81.163	-79.993	144.42	-178.878	-65.305	-71.268	179.422	60.419	
8	-8.88762	-81.835	145.787	-177.538	178.953	-119.103	153.682	-149.14	54.223	173.514	78.655	-77.501	-172.01	-70.828	-33.234	-177.899	178.207	-116.447	-160.939	168.563	179.094	60.934	-175.445	177.161	-60.391	
9	-8.54718	-82.43	154.172	-176.996	-167.326	87.306	-148.41	-158.475	79.03	174.214	68.55	-91.711	178.106	-87.531	-27.28	-179.171	-58.106	106.896	-77.945	133.722	-178.467	-66.378	177.542	82.703	-62.841	
10	-8.50559	-84.346	151.938	-179.686	178.064	-111.444	147.875	-160.099	72.145	177.174	67.227	-93.126	177.676	-84.988	-28.846	179.231	-58.699	-72.613	-73.687	130.539	-178.86	-171.262	69.897	-178.781	60.185	
11	-8.47253	-82.538	149.594	179.418	-179.647	77.096	-3.518	-168.205	46.536	174.75	77.925	-74.418	-177.882	-79.373	-7.813	174.386	68.576	-96.594	-138.847	166.653	-179.344	59.358	176.935	179.867	-60.213	
12	-8.40114	-77.932	117.103	-172.147	175.375	-107.492	26.567	-99.271	67.533	166.826	84.434	-64.83	-173.932	-134.811	19.447	-174.085	57.715	-86.252	-156.244	131.586	179.664	-172.224	175.472	179.916	179.92	
13	-8.20927	-82.767	149.71	178.56	179.054	-100.818	-1.653	-170.659	46.816	174.902	78.198	-73.786	-178.279	-77.833	-8.584	173.493	68.672	-96.799	-138.66	166.388	-179.257	60.137	177.531	-179.74	-60.027	
14	-8.20055	-81.943	152.386	-178.031	-166.925	-91.106	31.281	-159.422	79.513	176.935	70.781	-87.629	179.162	-105.409	-12.426	-176.345	69.204	-93.892	-73.786	-45.672	178.187	-66.485	179.061	-177.698	-58.901	
15	-7.94684	-77.581	168.901	-177.415	63.05	89.189	-177.856	-63.423	93.949	-174.911	146.96	-36.727	175.562	-109.269	-48.534	-177.637	169.027	-112.088	-159.3	119.358	179.888	-173.106	175.725	179.931	-60.039	
16	-7.79486	-168.686	-30.536	-179.096	-179.494	-92.452	175.958	-64.126	147.76	-178.325	81.289	-63.205	175.463	-55.612	-42.28	176.168	172.05	-120.242	-141.207	-10.986	-179.38	-79.549	-177.713	174.267	177.58	
17	-7.75418	-84.226	151.679	179.314	177.489	74.654	-178.918	-166.559	76.634	-179.054	67.489	-95.89	179.801	-92.662	-15.028	173.659	74.471	-94.365	-74.922	133.549	-178.853	-64.74	-175.93	-176.961	-56.798	
18	-7.69737	-82.369	144.309	179.938	178.744	-108.752	144.071	-148.457	66.963	178.409	66.438	-93.089	176.803	-83.34	-29.992	-175.391	-179.995	-99.804	-74.877	-43.205	173.041	-66.295	-179.694	-179.251	-59.91	
19	-7.6818	-82.476	144.534	179.868	178.361	-109.046	145.091	-149.109	67.267	178.015	67.301	-92.263	177.211	-87.099	-25.795	-177.051	71.964	-95.483	-74.942	-47.048	174.417	-170.563	176.8	179.67	-60.038	
20	-7.6597	-84.12	153.65	-179.486	-179.762	72.132	-179.872	-167.158	71.026	-179.661	63.965	-99.599	177.436	-70.041	-33.607	-178.582	178.378	80.249	-79.462	146.962	-178.796	-66.104	179.925	-84.732	61.251	
21	-7.63049	-175.221	-21.516	179.354	53.806	-92.949	1.071	-131.44	53.948	177.941	67.308	-93.919	177.864	-82.331	-27.496	-179.171	-58.836	-71.915	-82.708	119.965	-176.522	-64.028	-178.517	-179.227	-59.908	
22	-7.51173	81.248	-9.913	177.234	174.431	59.933	-147.167	75.366	28.672	172.577	77.564	-76.576	-176.2	-92.72	-42.466	-175.333	177.204	71.382	-162.909	142.066	-177.417	-171.507	174.204	-179.891	-60.009	
23	-7.50611	-179.732	-16.916	178.506	61.163	88.895	-3.679	69.248	-91.219	175.996	-145.327	30.672	176.498	-71.766	-29.844	179.566	179.053	79.265	-72.484	129.015	-178.35	-68.996	178.677	178.082	-61.669	
24	-7.50368	-85.7	155.392	179.668	177.921	66.436	-25.099	-169.602	75.676	-175.753	73.09	-73.998	170.088	-97.736	-45.404	-175.745	176.372	70.714	-163.274	144.422	-179.509	-171.497	173.85	179.941	59.973	
25	-7.49203	67.663	17.847	178.144	-170.332	-113.789	-176.168	58.542	40.387	-179.139	78.18	-71.287	-177.763	-143.614	23.149	-172.052	56.802	95.47	-89.841	111.581	-178.013	-169.886	177.552	179.82	-60.029	
26	-7.48157	-84.015	152.453	-179.715	179.491	-108.073	0.042	-165.668	70.819	-179.815	65.458	-94.886	178.487	-79.593	-27.84	179.293	-59.303	-71.386	-79.107	144.119	-178.879	-65.289	-179.428	-179.187	-59.922	
27	-7.11004	68.442	13.465	-173.836	-167.321	-111.011	4.169	-65.843	-24.018	-179.505	-64.453	-30.055	-175.379	-89.207	-22.646	179.137	-67.291	-89.236	-69.463	130.699	-178.416	-69.198	-177.394	-173.262	-55.425	
28	-7.09422	-177.133	-15.999	172.103	55.563	-87.574	-167.944	102.264	-159.722	-178.236	68.045	-84.362	177.524	-93.625	-39.948	-177.596	-61.373	100.753	-166.662	163.083	179.288	57.082	-178.628	178.155	-179.465	
29	-7.07141	-83.969	152.347	178.614	179.173	-109.827	150.537	-165.339	71.288	-173.565	75.526	-68.11	171.134	-73.933	155.79	-179.882	-179.21	-107.955	-57.535	120.581	-178.611	-174.883	172.842	80.36	-64.166	
30	-7.04732	-81.337	145.818	178.247	-166.826	95.686	-151.051	-159.565	83.666	-171.394	80.889	-55.014	168.764	-127.932	167.523	-178.926	58.33	-89.922	-78.961	-60.974	179.701	-171.144	176.084	-179.701	-59.99	
31	-6.85408	-81.337	141.784	-171.634	178.297	53.752	2.385	-61.553	-39.435	-177.336	-65.331	-34.622	-178.789	-79.853	-36.257	179.461	178.6	-103.91	-157.409	122.386	-178.184	-173.234	175.611	179.923	59.906	
32	-6.83572	-163.717	-38.489	179.308	-178.382	92.133	-0.634	-160.254	63.09	177.839	65.529	-98.008	177.309	-70.788	-27.904	178.541	72.567	-94.685	-82.118	-39.563	168.33	-169.747	171.285	174.875	179.741	
33	-6.82631	175.533	-8.418	176.047	62.199	-84.992	-166.639	81.673	-143.211	179.869	65.964	-98.264	177.137	-86.35	-27.064	179.813	-58.286	107.144	-74.836	128.87	-178.608	-172.731	177.177	179.513	179.947	
34	-6.81939	-80.449	149.237	-178.171	178.015	64.214	-178.971	-64.426	148.358	-178.876	83.422	-63.125	173.349	-57.663	-38.336	172.723	173.067	-120.949	-136.594	162.646	-179.681	-76.222	-179.371	172.591	-62.887	
35	-6.70273	-175.584	123.158	175.4	49.877	-84.055	175.904	58.368	-109.766	-173.6	-79.704	-27.866	-176.968	-69.893	-42.23	178.166	179.225	-99.316	-164.682	135.571	-178.775	-172.225	175.377	179.861	179.979	
36	-6.64024	-83.062	155.425	175.127	-59.944	101.799	-0.169	-76.656	73.025	-172.049	77.86	-70.865	173.249	-143.04	19.627	-171.17	57.708	-85.526	-108.064	122.145	179.933	-63.248	-179.319	-176.096	-57.872	
37	-6.57041	-85.517	156.267	-179.638	175.37	-111.721	156.224	-172.347	78.971	-177.756	77.192	-73.984	176.864	-142.113	26.789	-179.328	-57.059	100.613	-78.398	-45.672	179.668	-169.099	178.18	179.474	59.932	
38	-6.5421	-88.412	160.479	179.234	-168.965	82.143	3.307	102.427	149.967	-179.818	76.339	-75.836	-176.899	-78.503	-20.013	172.385	71.003	-95.314	-156.553	127.639	178.914	-171.406	-179.632	177.991	179.894	
39	-6.53069	-86.468	26.723	-174.919	49.579	-90.817	2.712	85.306	153.41	179.639	75.319	-75.376	-177.214	-72.048	-37.027	179.21	177.858	-120.325	-161.882	161.65	179.733	61.264	-175.04	175.504	-64.107	
40	-6.52946	-84.748	22.818	-174.474	48.943	-94.106	-0.013	72.833	-167.184	178.167	63.439	-102.032	-178.683	-85.88	-20.834	176.479	-177.859	-120.852	-133.73	80.045	178.624	-64.591	-170.977	-177.29	-57.334	
41	-6.52549	-84.249	151.014	178.847	177.64	73.605	178.639	-165.726	73.234	-177.753	66.388	-93.663	-178.516	-93.883	-15.537	-179.873	72.129	-94.926	-71.384	-43.638	176.798	-66.443	-179.611	-177.596	-58.625	
42	-6.46796	-165.851	-36.265	-179.618	-179.498	86.631	-0.817	-167.853	66.563	175.57	64.774	-96.869	175.348	-63.088	-35.497	177.218	177.047	-100.525	-79.733	-40.225	167.432	-65.235	-178.648	-179.334	60.079	
43	-6.30377	-94.111	144.346	-178.478	56.067	-88.74	174.043	61.985	-99.688	173.106	-143.859	30.001	-178.375	-79.998	-38.591	179.955	-178.967	79.352	-82.96	135.531	-178.644	-66.964	-179.874	-178.917	-60.147	
44	-6.29293	177.689	-9.51	169.77	-179.859	50.327	-5.41	60.868	42.693	179.588	77.691	-71.799	179.067	-146.832	32.84	-176.236	-59.622	102.584	-84.673	130.758	-179.138	-165.448	-177.925	-81.312	-56.009	
45	-6.27069	-50.552	-51.412	-179.921	179.429	-95.15	-177.949	-70.431	-35.519	178.337	-76.072	-33.969	-179.689	-70.075	-40.523	175.967	179.615	71.496	-85.609	-6.693	-179.706	-66.993	-177.83	175.167	-59.875	
46	-6.18065	-92.879	44.777	176.295	-51.979	-64.524	0.388	80.708	-79.453	-179.393	-70.278	-40.29	177.333	-74.055	-32.387	-177.252	175.873	-107.485	-162.738	119.572	-178.013	-171.029	70.629	-179.027	-179.87	
47	-5.93627	-37.616	-39.658	-178.17	-175.647	-95.095	170.016	-64.242	107.826	-178.289	75.737	39.769	-179.5	-155.513	-49.482	175.275	173.461	-122.615	-136.142	-2.754	177.958	-78.289	179.797	174.517	177.566	
48	-5.92333	82.133	-31.417	-178.456	-173.59	-87.371	3.001	83.815	46.448	178.648	175.092	-74.777	176.895	-69.659	-30.564	-179.738	177.229	-115.98	-162.848	168.358	179.503	59.723	-175.128	177.057	-60.95	
49	-5.86432	-159.761	-40.015	175.446	-63.466	-64.387	-0.828	59.337	-106.464	-173.103	-73.519	-25.279	-177.632	-72.103	-22.33	169.771	-176.661	67.438	-134.239	82.836	-177.853	-66.854	-175.739	-172.435	-58.328	
50	-5.72948	-86.154	155.325	178.749	176.729	-111.825	156.763	-171.548	79.004	-173.779	77.74	-64.597	169.774	-117.548	-50.574	-178.951	-60.727	97.856	-139.729	151.403	-179.122	-66.877	-173.741	-179.365	-59.937	
51	-5.70229	-87.119	157.557	-179.585	-173.326	-95.119	-171.973	97.451	133.547	-179.113	77.782	-70.39	-179.298	-67.754	-32.576	-179.654	177.296	-116.478	-160.206	158.317	-177.149	59.103	-175.158	176.276	-57.596	
52	-5.61864	179.814	-17.596	-179.732	55.447	86.287	-2.835	70.095	-89.335	173.858	-144.466	27.543	178.046	-81.759	-30.395	-179.817	-179.084	-100.378	-69.753	-44.5	178.272	-172.087	175.68	179.935	-59.971	
53	-5.58485	69.509	11.418	-176.634	-169.738	68.853	-5.014	-63.408	-28.362	179.117	-62.799	-25.826	-178.876	-113.189	19.46	-178.084	-53.705	-79.586	-160.809	101.235	-178.949	-171.003	71.24	-179.352	60.086	
54	-5.54611	-167.784	-25.295	-174.843	55.653	-90.061	1.312	-86.304	64.375	-179.401	63.252	-101.556	177.236	-75.788	-32.403	-179.756	-179.568	-99.573	-75.077	132.58	-179.17	-173.163	-93.764	179.306	-59.679	
55	-5.53671	-86.135	154.843	178.414	175.34	-110.076	156.899	-171.374	81.978	-174.625	78.275	-64.567	169.555	-119.795	-53.428	176.694	169.065	55.333	-136.833	-31.422	179.389	-74.038	-71.404	174.842	-60.521	
56	-5.49054	-165.964	157.421	176.537	59.691	89.273	-8.248	54.516	-129.549	173.638	-109.615	13.639	-178.695	-87.176	-44.631	176.081	-178.248	80.999	-138.936	-42.048	176.565	-85.913	-73.16	177.469	-60.219	
57	-5.37533	-168.487	-32.757	-179.824	175.134	70.6	-1.122	78.133	-74.105	-179.254	64.601	-99.456	176.335	-73.962	-33.31	-177.356	178.997	-100.905	-86.347	132.914	-178.486	-64.163	-178.33	-179.389	60.044	
58	-5.32901	-89.579	156.056	178.349	-178.198	-98.163	-176.701	79.978	34.91	-178.191	163.583	-57.317	175.177	-74.247	-33.42	179.047	177.35	-118.729	-162.479	175.985	-179.851	59.63	-175.606	178.835	-59.648	
59	-5.27736	-51.328	-48.619	177.295	-59.286	101.079	-179.107	-81.717	70.519	179.173	81.795	-72.619	-172.713	-144.888	23.158	-173.542	58.197	-84.114	-164.833	165.954	-179.273	52.074	175.244	177.954	-179.355	
60	-5.23911	177.039	-11.498	-179.459	-172.79	-97.971	179.268	95.321	-66.653	-178.9	-64.28	-49.958	-176.358	-89.891	-16.742	-178.837	-51.284	-49.644	-154.087	105.119	-177.914	-174.561	174.152	80.367	175.62	
61	-5.21636	-164.133	-37.88	179.829	-177.99	-89.461	179.234	-163.197	64.237	177.135	65.333	-98.364	177.057	-68.906	-28.35	178.06	72.969	-94.407	-81.526	-42.511	168.868	-165.936	71.122	-179.341	-59.876	
62	-5.16202	-85.3	151.605	179.343	174.928	-107.894	2.935	-80.22	68.182	-179.679	-91.264	-11.739	-177.771	-138.591	20.235	-175.235	57.318	-84.708	-166.409	-13.266	178.84	56.071	179.417	179.356	61.485	
63	-5.14309	-84.009	156.205	-179.523	-166.403	86.172	-155.903	-165.979	84.889	-177.998	77.766	-65.657	170.729	-123.336	-48.543	175.643	-61.033	98.331	-137.471	-37.401	179.15	-66.23	-174.326	-179.488	-59.948	
64	-5.06693	48.619	139.297	171.862	167.119	-122.875	-173.274	-98.884	-119.443	176.6	63.68	-107.687	178.249	-81.06	-27.9	-179.313	-56.082	-57.67	-80.93	133.915	-179.322	-173.591	176.37	178.919	-60.166	
65	-5.02926	-95.702	167.293	-179.146	66.659	-86.693	1.461	171.981	74.61	176.942	66.225	-97.333	177.525	-69.695	-28.24	176.726	72.034	-94.765	-81.404	133.066	-178.918	-173.64	179.041	176.351	-60.559	
66	-5.02836	-84.602	162.847	-176.922	56.907	90.613	-176.665	-76.006	84.417	176.421	-172.655	-128.83	-178.065	-62.57	-31.761	-177.98	175.073	-106.37	-147.846	114.653	-178.705	-175.793	172.411	78.34	-66.181	
67	-5.01799	-88.992	158.432	175.603	-175.15	78.369	1.113	65.168	-100.139	178.286	-68.013	-25.813	176.015	-119.032	45.708	176.555	-54.462	99.262	-71.852	-46.714	179.108	-169.292	71.425	179.557	-179.944	
68	-5.0097	-84.36	153.747	179.88	179.382	70.702	-36.169	-162.593	72.576	177.992	66.046	-94.912	178.017	-81.2	-26.789	179.59	72.251	84.507	-76.771	133.223	18.649	-172.276	177.758	82.944	177.272	
69	-5.00685	-97.165	162.195	-174.124	-61.369	90.285	-0.531	-65.816	-21.981	177.365	-59.991	-40.734	-177.106	-93.725	-38.279	-174.567	-56.408	-61.085	-84.406	-57.848	176.742	-65.476	176.286	-178.712	-60.797	
70	-4.93265	-89.615	104.615	172.674	169.099	-137.363	3.348	56.966	-136.379	173.496	-101.577	10.415	-177.705	-88.756	-30.449	175.855	-54.51	103.176	-150.832	139.46	-179.664	-170.684	175.819	179.76	179.965	
71	-4.90993	-38.794	-35.697	-178.32	-53.477	123.24	-179.898	-152.742	40.852	172.432	77.466	-75.33	-177.26	-77.649	-8.375	173.305	69.222	-96.691	-137.505	153.436	-175.972	56.294	175.187	-178.503	-179.624	
72	-4.76054	-93.882	152.871	-170.566	64.075	-85.781	-178.705	-91.672	65.242	177.102	65.771	-92.548	176.789	-83.137	-33.292	-175.77	-179.712	81.057	-78.425	112.324	-178.352	-171.177	70.419	-178.92	-59.866	
73	-4.59258	-159.292	-33.719	177.306	-61.437	-87.132	-179.885	80.166	-73.249	-172.747	-66.371	-44.388	-176.687	-68.789	-41.377	176.22	175.592	-128.828	-165.058	-18.291	179.551	60.254	-175.51	178.206	-63.572	
74	-4.57639	-37.475	-35.493	-178.805	-174.654	-90.871	1.031	-171.954	67.096	178.252	69.11	-90.51	-177.605	-92.44	-15.967	-179.256	71.882	-95.101	-70.454	-39.108	176.491	-67.066	-179.556	-177.284	-58.862	
75	-4.45513	-131.947	162.577	177.379	-174.572	-102.084	179.526	75.843	-81.325	179.525	-73.448	-37.931	177.219	-72.31	-34.206	-179.254	179.185	-101.957	-72.069	127.164	-178.344	-175.946	166.179	71.246	169.471	
76	-4.36798	51.276	17.758	-178.242	56.155	88.734	18.842	80.128	-175.016	178.525	64.089	-110.04	-178.898	-85.902	-17.72	179.9	-179.596	-109.152	52.59	35.145	-178.452	-57.796	-179.329	179.373	-63.801	
77	-4.30158	-83.778	152.078	177.636	-62.209	114.659	179.808	-178.275	141.478	177.132	76.933	-76.082	-177.076	-76.744	-16.037	174.526	68.709	-96.2	-152.681	143.47	179.886	179.484	169.663	170.177	178.769	
78	-4.21413	-163.863	154.529	176.619	64.2	-87.967	7.314	65.134	27.297	178.528	72.967	-80.507	-171.173	-80.918	-33.279	-171.357	179.08	79.677	-83.727	5.615	179.614	-63.76	-178.594	-179.18	-59.914	
79	-4.08831	-111.666	95.258	175.388	-58.849	107.761	-179.628	64.894	-101.871	-178.337	-75.859	-27.177	-178.75	-81.615	-16.864	-178.839	-178.983	78.812	-65.319	128.538	-178.381	-169.672	176.174	-179.792	-179.974	
80	-4.04253	-76.41	93.739	-178.9	173.026	-124.036	142.722	-90.749	-15.524	-172.214	-84.538	63.451	-178.689	-72.712	-29.439	179.145	-62.279	110.723	-155.086	134.765	179.982	-169.428	70.511	-178.879	-179.847	
81	-3.71731	-68.614	141.112	177.202	170.319	-117.289	4.389	-72.937	82.683	179.935	171.331	-46.802	-179.342	-140.821	27.417	178.479	-55.473	-73.378	50.665	-133.596	178.615	-57.48	-175.769	-179.594	-59.986	
82	-3.70842	-88.246	104.12	172.887	169.493	42.28	-0.94	56.918	-136.453	173.25	-101.775	10.72	-177.59	-88.773	-30.364	175.58	-54.283	103.696	-150.345	136.149	-179.598	-168.176	70.939	-178.925	-179.854	
83	-3.6295	-85.459	130.407	172.877	52.779	93.96	-8.752	61.804	28.45	174.029	99.948	-16.029	-176.185	-72.809	-26.351	-178.135	-172.889	-93.722	-160.201	142.485	179.896	-175.158	168.925	75.836	172.754	
84	-3.59028	-38.438	-40.294	177.547	-178.791	-98.996	0.273	179.134	54.603	179.551	66.39	-95.816	-177.036	-94.415	-14.717	-177.634	71.246	-95.084	-71.36	-32.2	177.414	-66.893	179.466	-177.725	-59.073	
85	-3.3045	-38.172	-36.976	-179.727	-177.424	-99.582	178.674	-149.538	41.559	173.912	78.847	-71.779	-176.875	-98.379	14.878	179.995	-54.481	103.791	-156.644	161.967	-178.442	60.506	-174.27	86.275	59.535	
86	-3.29674	-84.087	43.242	-179.751	-54.311	-66.823	1.618	75.569	83.529	-178.655	82.903	-66.525	175.703	-64.804	133.638	-176.892	175.605	-120.779	-86.023	-27.628	179.042	-64.979	-178.828	-179.58	59.925	
87	-2.99405	169.94	51.436	179.53	-60.842	118.56	179.548	69.996	37.494	-177.103	163.8	-57.347	170.307	-66.268	-36.475	176.108	174.178	75.944	-154.386	140.407	179.997	-167.322	70.957	-178.975	-179.866	
88	-2.73299	-36.885	-33.432	179.764	-173.057	-91.773	4.849	-72.312	77.273	-179.607	175.89	-54.473	178.575	-142.428	27.237	179.33	-56.735	-79.908	49.234	-118.07	178.113	-61.897	-174.986	178.474	-60.217	
89	-2.71877	44.613	149.57	-175.595	57.089	-92.894	-178.563	-79.983	77.786	166.08	67.324	-92.93	-174.217	-83.271	-17.061	177.25	-59.486	-75.945	-60.307	129.894	-178.234	-174.567	176.229	178.759	-60.159	
90	-2.66495	-84.126	146.832	-176.728	-69.957	-96.538	177.787	145.928	81.031	175.308	84.012	-63.773	-179.541	-65.788	-26.336	175.281	-61.039	-69.506	-148.948	141.996	-178.908	-169.414	179.455	-177.169	61.294	
91	-2.62168	75.055	2.661	-177.959	-173.144	69.89	-178.877	-140.366	176.768	-178.737	67.442	-100.239	174.614	-79.373	-31.337	-177.884	-179.181	-103.928	-95.925	175.963	178.724	-62.561	-177.227	-179.362	60.028	
92	-2.58747	78.453	-43.299	173.419	176.704	-132.366	16.863	79.786	26.158	172.288	62.871	-98.588	-177.48	-69.79	-26.549	-178.621	70.582	84.369	-72.775	146.088	179.507	-170.971	174.161	179.742	-60.022	
93	-2.39941	-94.424	165.073	178.403	58.56	84.996	-1.861	-174.594	167.078	176.409	75.686	-78.452	-177.772	-74.925	-22.674	174.842	-179.324	-120.058	-131.221	159.886	-179.083	-68.536	-177.197	-178.453	-58.134	
94	-2.25034	67.411	59.171	171.928	-63.513	103.112	0.712	69.684	15.203	179.34	70.137	18.948	178.044	-93.75	-28.176	177.231	-53.686	134.909	-161.878	2.481	177.75	59.591	-178.038	-176.739	61.643	
95	-1.95699	-85.673	158.83	170.081	67.563	92.431	-2.791	66.974	18.947	177.495	89.657	-8.876	-168.792	-86.419	-34.549	175.599	-50.468	133.111	-141.319	153.469	-179.812	-71.756	-168.235	85.721	179.562	
96	-1.75221	-169.985	-24.11	-179.168	-61.123	-68.929	-1.335	75.582	-73.318	177.525	-169.019	49.573	166.569	-90.351	-39.425	179.193	-53.641	-41.99	-90.146	142.055	-178.988	-66.63	-178.206	171.773	-63.976	
97	-1.40688	70.734	-4.741	-175.973	63.433	81.812	179.967	-164.769	44.669	173.613	63.919	-94.307	-177.237	-80.275	-21.542	178.177	-179.499	-106.285	53.823	43.974	-178.424	-59.814	178.488	-85.337	-60.239	
98	-1.38745	60.644	-0.172	-164.523	73.955	89.964	16.106	94.936	-162.913	-178.981	53.825	-108.731	169.005	-88.302	86.53	174.871	179.351	-115.928	55.214	-106.992	178.084	-58.584	179.847	-174.874	60.627	
99	2.26619	-156.613	-33.522	176.742	-51.183	-69.36	178.853	-162.542	-139.366	177.56	-59.403	128.146	-174.35	47.184	50.197	-177.999	-51.999	104.491	55.131	-100.727	177.201	-167.273	74.327	-177.74	-59.652	
100	75140.5	-154.337	-150.115	103.743	-163.422	5.63	-54.08	-154.043	88.943	-114.813	48.303	126.728	108.453	-92.7	-112.403	-145.818	-71.078	-69.608	-170.244	176.575	-179.863	-103.415	179.754	-178.87	-59.951	
