1	-11.7072	-83.468	155.816	-177.17	-173.2	79.374	-166.344	-154.336	86.016	168.501	82.928	-75.136	-169.977	-136.842	19.118	-174.114	58.851	-85.471	-163.456	160.958	-179.79	52.873	175.321	-179.876	-178.615	
2	-11.7065	-83.436	155.78	-177.12	-173.168	-100.666	13.67	-154.252	85.79	168.492	82.982	-75.034	-169.983	-136.817	19.083	-174.084	58.88	-85.491	-163.451	160.965	-179.791	52.884	175.292	-179.834	-58.579	
3	-11.2296	-77.867	122.042	-171.075	177.368	73.823	-155.085	-104.189	61.888	167.533	86.243	-62.563	-172.944	-134.619	18.813	-174.077	58.453	-85.826	-162.655	157.646	-179.535	52.472	175.496	179.992	-178.516	
4	-10.9641	-78.796	142.974	-167.847	-164.966	75.797	-159.628	-90.107	60.018	178.434	67.322	-89.183	175.444	-94.46	-31.36	-171.377	179.512	78.759	-88.683	145.042	178.966	-63.863	-178.338	-179.471	-59.953	
5	-10.5529	-77.953	139.47	-167.168	-163.96	79.352	-156.145	-89.851	60.854	178.98	69.226	-86.524	175.004	-100.147	-25.496	-172.663	72.467	-93.735	-83.379	133.668	178.031	-169.531	176.302	-179.953	-59.988	
6	-10.2998	68.148	16.704	178.341	-170.238	64.602	-173.099	57.586	37.18	-179.443	81.547	-70.13	-172.962	-141.158	18.176	-168.089	57.731	93.919	-103.625	108.255	-179.522	-66.3	176.206	-174.339	-58.46	
7	-10.2817	-84.074	152.346	-179.093	179.361	-112.601	146.491	-159.255	69.111	177.464	66.246	-94.646	176.772	-77.75	-32.754	-177.107	178.974	80.224	-79.024	141.973	-178.848	-65.421	-179.208	-179.319	-59.935	
8	-10.2816	-81.971	145.185	-177.609	178.158	-119.532	155.613	-149.064	54.143	173.638	81.166	-70.993	-172.234	-117.991	12.811	-175.072	60.132	-90.028	-156.555	168.577	179.968	53.702	175.561	178.801	-58.408	
9	-10.2809	-84.043	152.304	-179.089	179.32	67.375	-33.485	-159.187	69.106	177.413	66.267	-94.667	176.763	-77.738	-32.744	-177.097	178.974	80.218	-79.034	141.847	-178.844	-65.411	-179.192	-179.377	-59.988	
10	-10.2795	-82.802	155.63	-177.665	-167.029	88.512	-144.126	-161.759	79.221	174.981	66.743	-96.356	178.297	-79.951	-27.25	179.361	72.416	-95.392	-76.931	126.772	-178.514	-173.61	177.826	81.849	-64.23	
11	-10.2474	-84.294	151.4	179.195	176.492	-108.726	149.161	-162.398	76.579	178.364	70.142	-91.471	178.132	-99.374	-14.506	175.543	72.887	-94.027	-74.603	132.485	-178.933	-64.831	-176.658	-177.151	-57.228	
12	-10.2427	-83.016	155.828	-177.879	-167.132	88.556	-144.261	-162.085	80.407	174.885	66.369	-97.061	177.319	-77.619	-33.112	179.165	-179.467	80.475	-71.26	127.422	-178.366	-174.28	177.397	82.13	-63.983	
13	-10.2225	-78.56	141.375	-167.271	-164.254	78.838	-157.11	-90.395	59.955	178.823	68.027	-88.551	173.857	-95.671	-31.705	-173.291	-179.223	80.511	-78.775	134.499	177.933	-171.55	176.079	179.747	-60.05	
14	-10.1959	-84.2	153.351	-179.898	179.082	-109.187	143.97	-161.94	72.759	177.789	65.815	-95.728	178.145	-79.941	-27.255	179.759	72.319	-95.423	-76.065	128.047	-178.837	-172.239	179.37	83.23	-62.805	
15	-10.1515	-82.402	154.257	-176.993	-167.466	87.277	-146.363	-158.008	78.665	173.845	66.734	-95.648	177.59	-77.816	-32.62	-176.98	178.983	80.206	-79.004	134.115	-178.4	-65.524	-179.249	-179.32	-59.931	
16	-10.1512	-82.4	154.268	-176.962	-167.477	-92.728	33.651	-158.044	78.665	173.849	66.756	-95.633	177.573	-77.866	-32.604	-176.94	179.021	80.24	-78.994	134.106	-178.399	-65.528	-179.272	-179.324	-59.96	
17	-10.1414	-82.36	153.663	-176.83	-167.528	87.599	-151.441	-159.938	81.721	174.871	72.524	-90.28	177.059	-102.524	-13.763	176.1	72.16	-93.72	-75.288	128.225	-178.576	-64.761	-176.686	-177.161	-177.203	
18	-10.1358	-84.27	153.771	179.939	178.821	-108.74	143.832	-162.792	74.24	177.835	65.357	-96.4	177.297	-77.889	-32.865	179.535	-179.408	80.372	-70.438	128.38	-178.676	-172.965	178.98	83.582	-62.627	
19	-10.1337	-84.081	152.034	-179.478	178.827	-111.272	146.351	-159.71	70.739	177.392	66.853	-94.693	177.676	-81.608	-26.9	-179.247	72.593	-95.335	-77.987	131.656	-178.919	-171.335	176.595	179.481	179.904	
20	-10.1243	-169.654	-27.996	178.18	-175.723	84.385	-154.408	79.442	-72.709	-174.791	141.442	-31.743	-179.417	-71.794	-20.361	176.211	70.336	-95.42	-65.92	135.355	-179.091	-69.967	-174.749	-171.07	-177.731	
21	-10.1087	-163.201	-42.317	-177.619	-175.152	89.597	-177.411	65.921	-87.949	174.188	-151.308	31.963	-178.435	-159.102	157.208	177.721	52.713	-95.876	-76.239	127.851	-178.754	-171.355	176.143	179.983	-60.011	
22	-10.0692	-82.649	154.749	-177.056	-167.214	87.672	-146.441	-159.643	78.81	174.342	67.703	-95.038	178.045	-82.548	-26.775	-179.354	72.647	-95.319	-78.371	128.878	-178.546	-172.187	176.566	179.303	-60.116	
23	-10.0241	-84.275	152.77	-179.628	178.761	-110.693	145.787	-160.926	72.197	177.521	66.18	-96.044	176.781	-78.626	-32.568	-179.829	-179.326	80.503	-71.926	131.215	-178.741	-172.874	176.599	179.105	-60.149	
24	-9.97867	-83.055	154.372	-177.309	-173.175	81.03	-165.389	-154.027	87.304	169.26	81.78	-76.278	-173.832	-140.411	29.666	179.737	-55.753	101.298	-163.101	160.817	-179.82	52.189	173.82	179.775	-59.869	
25	-9.91413	179.43	-17.557	-178.277	178.947	-99.654	173.632	-59.687	-37.715	-178.81	-67.247	-39.774	179.757	-71.374	-38.454	-179.698	174.473	78.512	-160.605	122.084	-178.089	-174.945	175.129	179.352	-60.106	
26	-9.82545	-84.083	152.589	-179.342	179.036	-112.119	146.633	-160.177	70.486	177.372	66.548	-95.175	176.848	-78.491	-32.39	-177.045	179.362	80.434	-79.075	142.993	-178.878	-65.834	179.862	-84.074	-58.136	
27	-9.77405	179.385	-16.633	-179.834	179.694	-100.603	-4.742	-60.147	-37.344	-179.395	-68.592	-39.289	179.964	-70.92	-37.269	179.118	175.856	-99.548	-158.288	120.733	-177.722	-172.325	174.994	-177.117	-58.064	
28	-9.76841	-84.025	152.512	-179.038	179.298	-112.77	146.694	-159.471	69.217	177.366	66.24	-94.761	176.759	-77.584	-33.216	-176.774	178.584	81.166	-79.893	144.227	-178.872	-65.339	-71.277	179.428	-59.579	
29	-9.62278	-174.102	-26.448	-175.808	179.335	-99.676	-1.711	-56.784	-37.62	-178.458	-66.175	-40.444	-179.349	-72.824	-38.489	-178.132	172.43	-106.72	-161.59	124.036	-178.161	-175.092	173.323	178.718	-60.183	
30	-9.60712	177.799	-13.804	179.227	-177.397	-99.714	177.842	-59.353	-35.809	-179.635	-67.73	-39.516	179.846	-71.152	-38.47	177.872	177.699	83.11	-160.117	122.931	-177.971	-176.066	173.303	179.653	-60.056	
31	-9.437	-77.405	130.002	-172.201	-176.092	67.427	-158.198	-79.232	-35.238	-174.156	145.895	-39.695	175.932	-137.119	19.357	-172.919	58.612	-85.116	-164.468	155.647	-179.583	55.523	178.741	179.391	-58.609	
32	-9.43617	-81.712	141.257	179.785	176.418	63.673	-24.061	-146.37	59.523	174.728	81.454	-70.392	-175.317	-135.558	18.808	-173.618	58.758	-85.674	-162.864	-179.307	179.845	52.958	173.86	179.512	-178.892	
33	-9.41757	-81.526	151.206	177.441	-170.598	91.844	-3.537	-165.814	149.366	178.497	67.844	-92.139	-176.447	-146.997	21.923	-171.707	58.433	-84.093	-163.365	168.57	-179.743	55.006	178.633	176.1	-60	
34	-9.41246	-97.311	171.019	-178.393	65.871	94.082	179.174	-64.17	94.257	-177.116	153.624	-64.933	170.92	-76.271	-26.581	172.187	176.816	-121.51	-122.465	160.603	-179.27	-59.195	-175.31	-177.353	-57.778	
35	-9.40364	-174.1	-24.603	-179.598	178.818	78.597	-175.453	-60.574	-54.289	179.174	-83.064	59.973	-174.589	-173.982	-49.425	178.607	159.247	70.828	-153.949	125.735	-179.312	-175.493	174.358	177.106	-60.606	
36	-9.40048	-97.013	170.998	-178.447	66.091	94.097	-1.177	-64.217	94.16	-177.291	153.798	-64.666	170.923	-76.521	-26.76	172.15	176.829	-121.51	-122.258	160.911	-179.285	-59.137	-175.324	-177.36	-57.814	
37	-9.3679	-78.264	140.261	-164.708	-164.927	-103.33	28.76	-90.77	61.917	-178.893	71.544	-89.274	174.033	-107.726	-14.707	-178.27	70.702	-91.71	-79.245	129.496	177.256	-64.311	-177.754	-83.146	-55.909	
38	-9.32669	177.13	-11.482	177.974	-173.316	-102.038	2.035	-60.093	-35.652	179.727	-70.219	-37.605	-179.508	-72.605	-33.998	177.008	-179.603	-94.926	-154.331	121.36	-177.59	-171.905	174.137	-176.747	-60.383	
39	-9.30835	-97.098	171.21	-178.629	66.482	-85.519	178.83	-64.453	93.757	-177.74	154.836	-64.624	171.101	-77.882	-25.117	172.48	178.448	-121.103	-126.41	164.955	-179.372	-61.829	-175.834	178.806	-179.025	
40	-9.29336	-175.983	-22.721	178.315	171.942	59.927	-151.701	88.352	32.051	171.046	75.666	-81.065	-178.498	-95.144	-36.95	-178.38	178.062	57.358	-163.64	159.308	-177.203	62.084	-173.527	178.689	-60.018	
41	-9.27373	-83.93	27.053	-178.362	-171.132	62.763	-174.346	53.217	37.585	-177.544	79.447	-71.529	-173.559	-140.556	18.187	-167.908	57.677	-86.212	-104.117	114.082	-179.92	-66.459	176.364	-174.498	-58.189	
42	-9.25948	179.592	-17.227	-178.987	-179.89	-99.517	172.989	-60.082	-37.94	-179.034	-67.813	-39.759	179.548	-70.6	-37.842	-179.307	173.524	78.247	-159.672	121.019	-177.954	-171.188	-179.252	-80.347	-54.833	
43	-9.25019	-82.143	154.007	-176.294	-169.657	83.424	-157.466	-153.602	78.55	169.057	77.268	-81.31	-169.762	-86.008	-31.387	-174.752	-179.412	68.198	-160.026	169.907	179.118	60.302	-177.094	177.306	-60.386	
44	-9.24782	179.981	-19.026	-177.897	175.877	80.548	-175.463	-62.549	-38.092	-178.746	-69.346	-39.647	179.944	-69.587	-43.581	177.549	173.999	-118.853	-142.711	114.209	-177.024	-81.031	-177.453	176.031	-62.011	
45	-9.24781	-179.955	-19.067	-177.893	175.861	80.541	-175.478	-62.523	-38.075	-178.743	-69.341	-39.642	179.952	-69.612	-43.571	177.548	173.988	-118.884	-142.709	114.198	-177.024	-81.02	-177.453	176.008	-62.069	
46	-9.24725	-163.607	-36.653	177.516	-172.894	90.56	-150.097	77.762	-74.889	-172.994	149.901	-34.354	174.102	-61.217	-29.229	-179.775	67.342	-95.055	-69.514	140.522	-179.481	-174.075	172.125	176.326	-60.545	
47	-9.2136	179.556	-17.451	-178.63	179.68	-98.769	173.798	-58.526	-40.524	-178.163	-68.757	-36.977	-178.875	-71.779	-39.54	-179.507	175.106	78.354	-160.892	-52.727	-179.412	-174.755	174.926	179.379	-60.124	
48	-9.1263	-169.417	-31.18	175.89	168.25	67.283	-145.53	79.279	-68.701	-173.921	179.782	-43.329	173.303	-149.771	26.257	-171.28	56.568	-83.747	-114.998	159.821	-179.517	-60.935	-177.517	-176.732	-178.41	
49	-9.1138	81.636	-8.047	-178.658	-173.109	77.692	-179.512	-65.19	-38.234	-179.828	-69.125	-37.71	178.726	-70.333	-38.393	178.355	177.218	83.4	-158.638	119.233	-177.691	-174.981	175.266	179.411	-60.116	
50	-9.10744	-177.414	-21.106	178.546	171.889	59.096	-151.749	87.993	27.17	171.545	76.937	-77.78	-177.801	-92.763	-40.991	-175.032	177.46	71.328	-161.871	144.634	-177.787	-171.468	173.643	-179.933	-60.026	
51	-8.94264	-164.806	-35.148	178.805	-173.201	89.208	-152.935	64.258	-95.748	176.521	-150.328	38.4	179.219	-62.985	154.552	-179.424	179.182	74.364	-69.457	108.143	-177.752	-69.377	-179.88	-179.597	-59.972	
52	-8.88698	-81.875	145.807	-177.561	178.961	60.878	-26.308	-149.174	54.253	173.519	78.647	-77.506	-171.998	-70.849	-33.218	-177.896	178.22	-116.42	-160.939	168.548	179.091	60.925	-175.439	177.175	-60.391	
53	-8.86438	-94.509	166.327	-178.404	62.622	-89.11	176.537	-63.579	93.712	-174.84	150.644	-40.907	171.809	-92.823	-33.765	178.599	173.085	58.657	-160.824	176.308	179.816	59.423	-176.353	176.442	-61.922	
54	-8.83375	-94.82	166.617	-178.34	62.885	91.24	-177.371	-63.656	93.562	-174.89	150.922	-41.534	171.935	-92.159	-33.509	178.504	173.338	59.061	-160.935	176.456	179.842	59.367	-176.388	176.36	-61.958	
55	-8.78769	-84.463	151.743	179.034	177.43	-110.523	149.853	-161.883	73.909	179.374	69.339	-87.702	-179.713	-102.88	-13.673	-176.307	69.684	-94.227	-72.196	-45.479	178.435	-66.86	178.821	-177.555	-59.032	
56	-8.78282	176.176	-12.985	-179.548	-179.519	-103.098	175.839	-59.922	-35.144	179.785	-68.334	-40.167	-179.616	-71.882	-35.755	-178.673	179.289	-91.335	-69.552	-41.806	178.302	-169.817	175.516	-179.108	-59.833	
57	-8.69659	179.822	-19.188	-178.719	172.337	66.805	-174.964	-60.427	-39.593	-179.307	-71.477	-38.095	-178.733	-69.996	-36.579	-179.579	178.506	84.071	-71.036	-42.824	178.204	-170.395	177.997	-177.167	-59.541	
58	-8.67209	-179.609	-19.513	-177.829	176.128	79.336	-176.06	-61.329	-41.538	-178.379	-72.306	-35.456	-178.386	-70.542	-42.084	179.062	175.414	-119.451	-142.899	-52.783	178.047	-82.163	-178.244	175.358	-62.362	
59	-8.65867	178.446	-15.15	-173.04	75.818	-81.481	-161.353	108.037	-150.89	174.449	61.166	-103.187	177.929	-65.647	-35.33	-178.751	177.8	78.976	-81.397	127.74	-178.311	-63.614	-179.637	-176.533	-59.826	
60	-8.63336	-148.085	178.083	178.326	71.869	-80.096	178.486	-64.801	91.33	-173.425	150.053	-49.592	168.795	-74.42	-31.165	173.981	174.52	71.688	-153.202	178.709	-179.934	59.198	-177.945	176.864	-61.634	
61	-8.57791	-78.866	140.608	-168.874	-170.205	67.565	176.85	-89.218	64.551	173.951	73.211	-79.921	-174.69	-127.921	13.449	-178.592	60.854	-87.215	-160	174.423	-179.61	58.062	-177.498	-81.45	-55.953	
62	-8.49283	-165.66	-26.338	-178.662	63.805	96.917	-4.752	150.569	148.935	175.366	73.59	-80.965	-173.885	-72.991	-36.785	179.355	177.98	-118.282	-161.309	168.96	179.49	62.56	-174.296	-179.791	58.87	
63	-8.48087	-167.764	-34.008	176.158	169.244	71.138	-145.111	78.944	-72.953	-173.726	-173.223	-50.113	178.047	-148.541	47.204	178.794	-60.021	-78.033	-160.344	-171.024	179.652	57.979	179.961	177.01	-62.552	
64	-8.47397	-175.561	-22.887	-173.673	71.93	97.609	158.49	121.221	-152.484	173.863	61.6	-101.474	177.955	-66.392	-35.015	-177.921	178.584	79.447	-81.304	127.467	-178.337	-62.885	-179.511	-177.461	-59.996	
65	-8.47339	-82.551	149.623	179.421	-179.669	-102.865	176.507	-168.283	46.497	174.775	77.925	-74.397	-177.898	-79.31	-7.849	174.364	68.569	-96.598	-138.828	166.645	-179.343	59.384	176.952	179.858	-60.198	
66	-8.47196	-164.5	-39.159	-177.149	176.778	-93.423	-172.801	-63.251	148.437	-177.225	81.898	-61.98	175.399	-58.143	-38.348	179.43	171.391	72.886	-153.298	145.455	179.133	-168.885	173.259	-179.724	-59.23	
67	-8.47151	-82.314	149.37	179.478	-179.559	76.791	-3.702	-167.541	46.35	174.793	77.981	-74.442	-177.807	-79.482	-7.776	174.424	68.592	-96.539	-138.947	166.645	-179.375	59.267	176.856	-179.985	179.834	
68	-8.41108	82.355	-9.511	-178.207	-173.745	-102.088	175.559	-63.184	-42.067	-178.986	-70.908	-34.07	-179.576	-71.124	-37.721	178.833	178.594	83.345	-157.97	-52.895	179.837	-175.159	175.451	179.521	-60.048	
69	-8.39184	-84.398	157.327	-178.422	-171.776	-96.374	160.519	-171.327	77.074	-179.221	60.7	-101.087	179.037	-65.735	-36.185	176.374	178.635	80.166	-71.915	133.457	-178.569	-175.967	176.566	176.77	-60.521	
70	-8.39092	-171.545	-29.492	-174.815	66.965	-84.595	-175.806	136.315	-142.728	179.299	69.695	-94.703	-179.875	-101.059	-11.428	179.219	67.323	-95.781	-75.757	128.84	-178.676	-65.829	-174.676	177.824	-178.878	
71	-8.38805	-166.315	-46.137	-177.871	168.573	73.884	-28.846	66.669	-86.881	178.89	-160.3	39.701	-177.071	-69.486	151.948	176.64	177.538	-101.273	-135.553	152.561	-179.673	-64.787	-174.84	-178.665	-60.085	
72	-8.36116	-155.503	153.434	179.961	65.517	98.601	-175.876	54.443	-128.587	171.339	-114.755	20.937	-175.818	-95.573	-41.065	176.971	-61.147	-84.889	-137.293	-33.929	175.66	-65.291	-173.768	-177.844	-60.059	
73	-8.34438	-84.286	151.87	178.97	176.665	-109.919	174.524	-169.098	66.191	-179.499	64.011	-97.488	176.724	-70.317	-33.964	-178.904	178.11	-100.255	-80.867	149.722	-179.061	-64.937	-178.908	-179.358	-59.939	
74	-8.31966	-176.658	-20.294	178.681	179.629	-102.633	150.07	-70.336	77.082	-174.472	155.52	-38.587	172.627	-78.342	-42.49	176.104	177.707	80.501	50.222	-110.173	177.586	-60.054	-175.728	-177.325	-59.825	
75	-8.25411	68.015	16.898	178.335	-170.414	64.328	-172.834	57.062	38.43	-179.597	80.886	-70.629	-173.204	-140.77	17.593	-167.805	58.473	94.222	-103.092	108.019	-179.562	-67.578	174.33	81.833	-63.221	
76	-8.21973	-169.129	-32.675	177.175	169.016	70.084	-143.516	79.603	-71.973	-174.85	178.271	-48.912	179.977	-87.337	-49.69	-173.882	175.928	67.281	-163.89	-44.896	178.4	-171.967	175.456	179.957	-59.995	
77	-8.19445	-178.025	-14.754	172.537	57.745	-85.688	-7.7	94.588	-157.091	179.179	63.642	-94.759	178.909	-81.806	-31.937	-178.58	-179.141	77.997	-158.966	123.5	178.612	-173.251	176.1	179.652	-60.051	
78	-8.17024	-173.811	-26.163	-169.589	66.004	-88.658	178.36	143.869	-170.971	-179.048	65.306	-104.81	177.839	-95.577	-21.115	-176.289	73.356	-94.924	-94.736	118.893	-179.323	-172.623	172.289	177.137	179.509	
79	-8.14435	177.7	-14.242	178.972	179.581	-105.686	175.213	-60.457	-34.931	179.387	-67.932	-39.411	-178.82	-72.859	-37.645	-177.689	178.13	87.383	-71.674	126.151	-178.358	-173.345	173.895	175.122	-61.496	
80	-8.1252	-171.034	-34.129	-171.998	174.558	84.437	-176.061	-63.848	-36.17	-177.061	-66.546	-35.015	-177.308	-87.006	-32.191	-179.011	-60.89	100.81	-138.404	102.842	-177.358	-66.757	-173.686	-178.134	-59.811	
81	-8.10164	-81.178	151.327	177.909	-167.425	92.468	-5.749	-162.893	149.765	179.926	63.297	-98.36	178.489	-143.664	32.356	-177.942	-57.424	100.704	-157.214	164.756	-179.709	56.772	178.995	179.269	-60.008	
82	-8.07588	-168.981	-28.211	178.039	-174.093	78.703	-162.1	77.14	-82.297	-176.179	157.238	89.718	172.58	-148.839	166.297	177.755	64.986	-90.715	-155.767	137.255	179.951	-171.326	175.381	179.996	-60.006	
83	-8.02484	173.546	-7.767	179.373	64.091	-85.619	-0.601	82.974	-139.972	176.031	68.821	-83.576	177.546	-143.701	25.98	-179.358	57.624	-82.772	-62.246	128.969	-178.471	-171.807	174.806	-177.403	-59.622	
84	-7.99321	-84.404	151.074	179.056	177.603	-112.798	154.722	-163.393	70.949	-176.546	77.796	-68.502	174.671	-73.555	146.089	179.712	178.532	72.652	-82.337	116.638	-179.016	-67.084	179.753	-179.837	-60.021	
85	-7.95736	-81.569	146.707	178.785	-178.011	75.369	4.548	-168.854	150.759	-177.656	66.63	-90.345	179.2	-149.219	21.989	-171.522	58.482	-83.883	-164.565	157.328	179.952	54.831	178.764	177.331	-179.57	
86	-7.89548	-84.056	152.39	178.588	179.12	-109.937	150.658	-165.383	71.312	-173.677	75.562	-68.193	171.3	-73.576	155.136	-179.359	-179.083	72.305	-58.764	120.923	-178.583	-173.738	175.57	179.867	-60.016	
87	-7.86357	-81.973	153.135	-177.719	-169.634	86.413	-160.691	-156.896	84.182	173.842	80.5	-72.451	179.844	-117.022	-53.074	178.734	173.765	76.01	-65.695	155.568	-179.138	71.999	-167.652	175.763	-62.343	
88	-7.85833	174.201	-10.918	-169.456	74.54	-84.157	-162.003	106.326	-159.092	176.054	59.633	-107.674	178.868	-75.439	-34.431	-176.444	-179.198	80.695	-85.687	124.035	-178.702	-173.542	174.98	178.716	-60.196	
89	-7.85795	-167.658	-31.091	-176.451	-176.802	91.877	-179.52	83.294	48.254	-179.753	177.102	-70.771	176.582	-78.14	-26.005	178.945	-56.87	-59.882	-160.473	175.32	179.484	56.453	178.807	178.507	-60.72	
90	-7.79075	173.471	-7.849	179.662	64.348	-85.552	-0.771	83.536	-139.759	175.911	68.528	-84.122	177.726	-143.751	26.247	-179.359	57.621	-82.635	-61.873	-45.167	178.735	-171.593	174.52	-177.467	-59.633	
91	-7.76182	78.905	-3.697	-178.288	-173.289	76.173	-174.922	-64.464	-36.634	-179.809	-69.784	-36.326	179.893	-73.328	-38.13	-178.449	-177.814	92.527	-70.451	127.827	-178.307	-171.271	174.962	-179.417	-59.929	
92	-7.72248	-165.527	-45.249	176.764	170.507	53.741	-154.919	110.731	51.672	173.531	65.911	-106.332	176.65	-87.623	-32.239	-176.268	-179.645	77.723	-91.998	170.266	178.611	-62.699	-177.322	-179.574	-59.957	
93	-7.68892	-169.421	-30.126	-178.389	176.669	81.057	-1.074	95.381	-161.138	-179.418	69.481	-84.856	177.855	-144.908	20.689	-173.841	59.26	-83.351	-167.527	-168.64	178.952	57.551	-179.401	-178.58	-174.028	
94	-7.68188	-82.222	144.491	179.871	178.364	-109.025	145.027	-149.057	67.283	178.032	67.281	-92.273	177.211	-87.06	-25.836	-177.04	71.965	-95.472	-74.94	-47.047	174.354	-170.549	176.79	179.68	-60.034	
95	-7.59962	175.47	-7.212	174.319	-171.063	-101.414	-177.175	-61.664	-31.938	177.381	-71.104	-38.585	179.545	-69.182	-35.988	176.021	-175.726	-87.53	-64.987	-43.522	178.116	-174.605	174.047	179.992	-59.99	
96	-7.59921	-91.07	171.419	-179.144	63.796	-87.001	177.993	-64.834	93.804	-175.822	152.002	-53.561	170.895	-78.277	-28.071	175.205	175.766	74.958	-152.984	-178.665	179.954	57.568	179.877	-84.291	-58.362	
97	-7.51624	174.095	-6.266	175.717	60.866	94.288	-177.388	79.464	-148.341	178.269	63.947	-101.933	176.468	-73.214	-33.62	179.868	179.128	81.254	-75.889	128.486	-178.404	-173.175	176.528	179.55	-60.038	
98	-6.5255	-84.188	151.014	178.86	177.649	73.599	178.629	-165.72	73.209	-177.751	66.385	-93.714	-178.516	-93.812	-15.557	-179.875	72.134	-94.925	-71.362	-43.738	176.824	-66.452	-179.625	-177.572	-58.678	
99	-6.51269	-171.845	-19.386	168.751	-171.143	-123.148	1.199	58.838	46.512	-179.671	81.741	-73.182	-177.11	-154.386	62.675	171.883	-65.449	104.581	-161.639	-169.093	179.696	57.483	177.443	178.516	-63.137	
100	-5.78305	-133.65	159.274	175.02	-179.45	75.71	178.006	79.609	-78.856	177.521	-75.354	-31.469	-179.91	-73.821	-36.66	-179.349	177.5	-122.396	-163.118	-23.974	177.74	61.42	-172.4	-179.896	-57.278	
