1	-11.7072	-83.468	155.816	-177.17	-173.2	79.374	-166.344	-154.336	86.016	168.501	82.928	-75.136	-169.977	-136.842	19.118	-174.114	58.851	-85.471	-163.456	160.958	-179.79	52.873	175.321	-179.876	-178.615	
2	-10.964	-78.856	142.955	-167.85	-164.951	75.817	-159.633	-90.124	60.055	178.43	67.312	-89.181	175.455	-94.464	-31.362	-171.378	179.507	-101.252	-88.679	145.024	178.965	-63.856	-178.326	-179.46	-59.951	
3	-10.8579	-78.963	141.141	-168.576	-168.314	70.451	177.519	-90.073	61.024	174.511	74.689	-77.176	-173.702	-127.482	13.663	-175.503	60.431	-87.65	-158.848	168.388	-179.349	53.187	173.775	-179.404	-58.594	
4	-10.2998	68.148	16.704	178.341	-170.238	64.602	-173.099	57.586	37.18	-179.443	81.547	-70.13	-172.962	-141.158	18.176	-168.089	57.731	93.919	-103.625	108.255	-179.522	-66.3	176.206	-174.339	-58.46	
5	-10.2817	-84.074	152.346	-179.093	179.361	-112.601	146.491	-159.255	69.111	177.464	66.246	-94.646	176.772	-77.75	-32.754	-177.107	178.974	80.224	-79.024	141.973	-178.848	-65.421	-179.208	-179.319	-59.935	
6	-10.2816	-81.995	145.18	-177.593	178.124	-119.541	155.66	-149.065	54.168	173.619	81.182	-70.958	-172.24	-118.091	12.874	-175.081	60.103	-90.012	-156.601	168.57	179.968	53.69	175.558	178.783	-58.423	
7	-10.2809	-84.043	152.304	-179.089	179.32	67.375	-33.485	-159.187	69.106	177.413	66.267	-94.667	176.763	-77.738	-32.744	-177.097	178.974	80.218	-79.034	141.847	-178.844	-65.411	-179.192	-179.377	-59.988	
8	-10.2795	-82.802	155.63	-177.665	-167.029	88.512	-144.126	-161.759	79.221	174.981	66.743	-96.356	178.297	-79.951	-27.25	179.361	72.416	-95.392	-76.931	126.772	-178.514	-173.61	177.826	81.849	-64.23	
9	-10.2474	-84.294	151.4	179.195	176.492	-108.726	149.161	-162.398	76.579	178.364	70.142	-91.471	178.132	-99.374	-14.506	175.543	72.887	-94.027	-74.603	132.485	-178.933	-64.831	-176.658	-177.151	-57.228	
10	-10.2427	-83.016	155.828	-177.879	-167.132	88.556	-144.261	-162.085	80.407	174.885	66.369	-97.061	177.319	-77.619	-33.112	179.165	-179.467	80.475	-71.26	127.422	-178.366	-174.28	177.397	82.13	-63.983	
11	-10.1959	-84.2	153.351	-179.898	179.082	-109.187	143.97	-161.94	72.759	177.789	65.815	-95.728	178.145	-79.941	-27.255	179.759	72.319	-95.423	-76.065	128.047	-178.837	-172.239	179.37	83.23	-62.805	
12	-10.1515	-82.402	154.257	-176.993	-167.466	87.277	-146.363	-158.008	78.665	173.845	66.734	-95.648	177.59	-77.816	-32.62	-176.98	178.983	80.206	-79.004	134.115	-178.4	-65.524	-179.249	-179.32	-59.931	
13	-10.1358	-84.27	153.771	179.939	178.821	-108.74	143.832	-162.792	74.24	177.835	65.357	-96.4	177.297	-77.889	-32.865	179.535	-179.408	80.372	-70.438	128.38	-178.676	-172.965	178.98	83.582	-62.627	
14	-10.1337	-84.081	152.034	-179.478	178.827	-111.272	146.351	-159.71	70.739	177.392	66.853	-94.693	177.676	-81.608	-26.9	-179.247	72.593	-95.335	-77.987	131.656	-178.919	-171.335	176.595	179.481	179.904	
15	-10.1243	-169.654	-27.996	178.18	-175.723	84.385	-154.408	79.442	-72.709	-174.791	141.442	-31.743	-179.417	-71.794	-20.361	176.211	70.336	-95.42	-65.92	135.355	-179.091	-69.967	-174.749	-171.07	-177.731	
16	-10.0691	-82.74	154.717	-177.059	-167.233	87.689	-146.409	-159.609	78.825	174.325	67.742	-94.94	178.041	-82.7	-26.757	-179.357	72.667	-95.317	-78.353	128.923	-178.546	-172.193	176.54	179.284	179.858	
17	-10.0241	-84.275	152.77	-179.628	178.761	-110.693	145.787	-160.926	72.197	177.521	66.18	-96.044	176.781	-78.626	-32.568	-179.829	-179.326	80.503	-71.926	131.215	-178.741	-172.874	176.599	179.105	-60.149	
18	-9.97864	-83.026	154.35	-177.325	-173.182	81.046	-165.399	-154.012	87.341	169.254	81.783	-76.284	-173.825	-140.417	29.662	179.733	-55.753	101.311	-163.092	160.771	-179.819	52.184	173.814	179.825	-179.846	
19	-9.9141	179.373	-17.521	-178.273	178.937	-99.624	173.624	-59.708	-37.698	-178.803	-67.263	-39.788	179.759	-71.364	-38.457	-179.723	174.447	78.507	-160.607	122.061	-178.146	-174.918	175.139	179.426	-60.094	
20	-9.82545	-84.083	152.589	-179.342	179.036	-112.119	146.633	-160.177	70.486	177.372	66.548	-95.175	176.848	-78.491	-32.39	-177.045	179.362	80.434	-79.075	142.993	-178.878	-65.834	179.862	-84.074	-58.136	
21	-9.76841	-84.025	152.512	-179.038	179.298	-112.77	146.694	-159.471	69.217	177.366	66.24	-94.761	176.759	-77.584	-33.216	-176.774	178.584	81.166	-79.893	144.227	-178.872	-65.339	-71.277	179.428	-59.579	
22	-9.7269	-82.305	153.834	-177.786	-168.051	-91.794	28.117	-160.199	84.699	173.854	71.916	-91.658	178.744	-102.11	-12.769	176.269	71.518	-92.864	-82.092	132.142	-178.701	-64.187	-176.78	-85.585	-58.428	
23	-9.68704	64.382	138.822	-167.186	-164.117	-100.952	23.009	-89.237	60.866	178.747	68.233	-87.84	174.771	-95.313	-30.066	-171.067	179.527	79.962	-83.966	138.448	178.526	-64.331	178.823	-83.263	-57.611	
24	-9.41752	-81.503	151.168	177.45	-170.603	91.875	-3.553	-165.756	149.325	178.481	67.87	-92.116	-176.431	-147.018	21.931	-171.704	58.433	-84.098	-163.382	168.611	-179.748	55.003	178.617	176.113	-179.986	
25	-9.41244	-97.309	171.013	-178.389	65.866	94.066	179.215	-64.167	94.29	-177.124	153.582	-64.91	170.925	-76.308	-26.531	172.194	176.827	-121.514	-122.56	160.721	-179.273	-59.208	-175.311	-177.367	-57.774	
26	-9.3679	-78.264	140.261	-164.708	-164.927	-103.33	28.76	-90.77	61.917	-178.893	71.544	-89.274	174.033	-107.726	-14.707	-178.27	70.702	-91.71	-79.245	129.496	177.256	-64.311	-177.754	-83.146	-55.909	
27	-9.29335	-175.978	-22.724	178.307	171.943	59.934	-151.695	88.326	32.17	171.042	75.609	-81.145	-178.496	-95.12	-36.908	-178.37	178.095	57.431	-163.664	159.288	-177.203	62.075	-173.539	178.667	-60.02	
28	-9.27373	-83.93	27.053	-178.362	-171.132	62.763	-174.346	53.217	37.585	-177.544	79.447	-71.529	-173.559	-140.556	18.187	-167.908	57.677	-86.212	-104.117	114.082	-179.92	-66.459	176.364	-174.498	-58.189	
29	-9.25948	179.592	-17.227	-178.987	-179.89	-99.517	172.989	-60.082	-37.94	-179.034	-67.813	-39.759	179.548	-70.6	-37.842	-179.307	173.524	78.247	-159.672	121.019	-177.954	-171.188	-179.252	-80.347	-54.833	
30	-9.25014	-82.191	153.991	-176.304	-169.664	83.449	-157.506	-153.602	78.583	169.062	77.266	-81.291	-169.752	-86.024	-31.382	-174.739	-179.417	68.137	-160.046	169.877	179.114	60.309	-177.091	177.325	179.61	
31	-9.24781	-179.955	-19.067	-177.893	175.861	80.541	-175.478	-62.523	-38.075	-178.743	-69.341	-39.642	179.952	-69.612	-43.571	177.548	173.988	-118.884	-142.709	114.198	-177.024	-81.02	-177.453	176.008	-62.069	
32	-9.24724	-163.605	-36.646	177.501	-172.909	90.57	-150.102	77.774	-74.895	-172.99	149.9	-34.355	174.099	-61.22	-29.232	-179.773	67.343	-95.049	-69.511	140.525	-179.48	-174.1	172.106	176.305	-60.565	
33	-9.22863	-179.608	-19.035	-178.072	177.591	-98.28	179.741	-62.124	-37.176	-178.827	-68.883	-39.791	179.94	-69.911	-44.569	176.992	173.715	-117.65	-142.782	115.882	-177.171	-80.896	-176.882	176.852	-61.838	
34	-9.1263	-169.417	-31.18	175.89	168.25	67.283	-145.53	79.279	-68.701	-173.921	179.782	-43.329	173.303	-149.771	26.257	-171.28	56.568	-83.747	-114.998	159.821	-179.517	-60.935	-177.517	-176.732	-178.41	
35	-9.12261	-83.403	154.116	-177.946	-174.695	80.832	-165.945	-152.443	91.533	168.328	78.915	-77.523	-175.399	-139.288	30.53	-179.217	-55.879	-78.699	-156.442	137.09	179.635	-172.262	175.27	179.796	-60.05	
36	-9.09857	82.221	-9.571	-178.208	-174.819	-102.999	177.075	-64.818	-38.933	-179.637	-69.455	-37.206	179.057	-71.032	-37.291	179.108	177.691	82.736	-158.456	119.58	-177.784	-175.25	175.682	179.476	-179.998	
37	-8.86441	-94.491	166.337	-178.395	62.629	-89.11	176.552	-63.601	93.673	-174.846	150.684	-40.877	171.798	-92.835	-33.763	178.605	173.07	-121.359	-160.828	176.327	179.816	59.422	-176.352	176.437	-61.924	
38	-8.82416	-170.23	-36.677	-170.287	170.628	79.432	-174.614	-60.6	-39.955	-176.247	-67.714	-33.235	-175.98	-88.269	-27.476	-177.563	-60.244	100.785	-159.276	118.627	-178.232	-175.696	173.12	177.161	-60.477	
39	-8.78769	-84.463	151.743	179.034	177.43	-110.523	149.853	-161.883	73.909	179.374	69.339	-87.702	-179.713	-102.88	-13.673	-176.307	69.684	-94.227	-72.196	-45.479	178.435	-66.86	178.821	-177.555	-59.032	
40	-8.69421	-166.488	171.537	-178.662	60.106	89.716	-3.701	-64.006	92.434	-174.633	146.777	-34.67	175.913	-110.466	-50.514	-177.286	167.68	66.414	-159.426	-55.903	-177.982	-173.036	175.76	179.872	-60.025	
41	-8.67202	-179.625	-19.533	-177.821	176.146	79.383	-176.11	-61.306	-41.509	-178.379	-72.333	-35.456	-178.377	-70.531	-42.105	179.082	175.41	-119.447	-142.914	-52.533	178.048	-82.195	-178.26	175.374	-62.343	
42	-8.63315	-148.135	178.086	178.313	71.965	-80.062	178.586	-64.818	91.167	-173.5	150.174	-49.093	168.859	-74.932	-31.188	174.135	174.596	-108.554	-153.454	178.473	-179.94	59.149	-177.904	176.726	-61.694	
43	-8.49281	-165.556	-26.363	-178.654	63.769	96.909	-4.766	150.63	148.885	175.371	73.592	-80.963	-173.894	-72.947	-36.815	179.361	177.986	-118.327	-161.3	168.933	179.493	62.568	-174.282	-179.801	58.857	
44	-8.48079	-167.769	-34.026	176.174	169.262	71.153	-145.104	78.926	-72.966	-173.704	-173.187	-50.126	178.046	-148.533	47.175	178.819	-60.012	-78.027	-160.346	-170.923	179.651	57.966	179.962	177.065	177.455	
45	-8.47195	-164.597	-39.154	-177.108	176.785	-93.407	-172.791	-63.27	148.451	-177.225	81.877	-61.993	175.408	-58.133	-38.355	179.432	171.418	72.89	-153.279	145.511	179.131	-168.856	173.279	-179.729	-59.251	
46	-8.34147	-83.78	151.873	178.98	176.715	-110.043	174.563	-169.06	66.036	-179.528	64.019	-97.437	176.705	-70.221	-34.038	-178.82	178.057	-99.906	-80.956	149.542	-179.052	-64.842	-178.858	-179.316	-59.939	
47	-8.26394	-171.527	-28.998	-178.402	63.061	95.886	171.639	137.88	-166.785	175.517	63.129	-96.606	-176.625	-84.801	-33.134	-177.187	179.731	60.248	-164.424	150.088	179.784	60.085	-174.359	177.818	179.359	
48	-8.24511	-176.889	-20.255	179.274	179.723	-101.051	150.027	-70.364	77.109	-174.798	155.23	-38.092	173.143	-78.123	-42.053	177.746	176.946	-101.217	50.012	-109.703	177.606	-59.031	-66.093	-176.206	-57.083	
49	-8.2195	-169.126	-32.671	177.167	169.004	70.098	-143.493	79.61	-71.969	-174.853	178.262	-48.89	179.979	-87.363	-49.687	-173.882	175.94	-112.731	-163.892	-44.888	178.399	-171.963	175.437	179.949	-179.967	
50	-8.20972	-82.789	149.753	178.546	179.05	79.201	178.328	-170.766	46.892	174.877	78.179	-73.786	-178.278	-77.851	-8.57	173.492	68.677	-96.808	-138.676	166.387	-179.253	60.128	177.544	-179.739	-60.033	
51	-8.19685	-80.111	146.66	175.151	170.881	67.989	-174.186	-66.959	88.899	-172.39	148.502	-37.251	171.671	-87.869	-31.943	176.36	179.388	-111.943	-158.856	175.173	179.863	58.201	-178.042	175.017	-62.938	
52	-8.19439	-178.021	-14.75	172.567	57.699	-85.703	-7.814	94.589	-157.075	179.15	63.645	-94.747	178.891	-81.823	-31.933	-178.587	-179.148	78.037	-158.961	123.455	178.602	-173.264	176.057	179.665	-60.066	
53	-8.12683	-168.735	-34.071	-177.943	176.336	-96.753	-178.399	-63.206	-37.086	-179.75	-71.756	-34.151	-178.048	-74.066	-38.489	177.438	177.037	59.656	-162.398	153.356	-179.014	63.161	-168.301	-75.619	-51.742	
54	-8.1252	-170.99	-34.104	-171.996	174.569	84.421	-176.068	-63.846	-36.18	-177.056	-66.552	-35.006	-177.297	-86.999	-32.22	-179.015	-60.911	100.761	-138.399	102.935	-177.362	-66.776	-173.683	-178.184	-59.803	
55	-8.10159	-81.066	151.298	177.92	-167.418	92.466	-5.748	-162.838	149.714	179.909	63.318	-98.354	178.487	-143.665	32.352	-177.938	-57.429	100.679	-157.221	164.796	-179.708	56.778	178.986	179.287	179.987	
56	-8.07585	-168.864	-28.264	178.045	-174.064	78.678	-162.108	77.155	-82.27	-176.182	157.241	89.704	172.579	-148.824	166.298	177.755	65.001	-90.707	-155.767	137.205	179.951	-171.32	175.379	179.995	-60.006	
57	-8.02484	173.539	-7.74	179.363	64.085	-85.64	-0.607	82.943	-139.986	176.049	68.819	-83.569	177.559	-143.712	25.98	-179.363	57.602	-82.784	-62.25	129.007	-178.484	-171.8	174.792	-177.403	-59.645	
58	-8.01694	-85.451	156.301	179.425	-179.852	-108.108	142.093	-166.732	74.77	179.58	64.954	-98.58	176.993	-77.268	-27.568	-178.719	71.899	-95.584	-71.129	126.396	-178.689	-162.256	-161.505	-68.431	-170.312	
59	-8.01672	-165.806	-37.099	-176.371	177.683	-90.918	177.995	-63.166	150.392	-178.866	83.583	-62.032	179.143	-67.763	-37.263	179.864	-58.488	-69.243	-137.478	160.631	179.488	-64.055	-174.535	-178.806	-179.869	
60	-7.99319	-84.407	151.071	179.039	177.602	-112.777	154.734	-163.392	70.963	-176.523	77.785	-68.498	174.689	-73.547	146.085	179.722	178.521	72.703	-82.344	116.585	-179.017	-67.084	179.747	-179.849	-60.005	
61	-7.97025	-78.999	140.944	-168.23	-168.502	70.057	177.974	-89.991	61.832	174.989	74.45	-78.305	-173.933	-128.094	14.056	-177.945	63.359	-86.613	-157.087	169.441	-179.384	61.128	-178.436	-70.944	-42.369	
62	-7.95784	67.551	17.731	177.759	-171.113	-114.775	5.196	58.137	41.276	-179.323	78.155	-71.678	-177.724	-142.96	22.026	-171.526	56.966	-84.849	-90.686	109.263	-178.605	-170.194	177.448	179.781	-60.078	
63	-7.95736	-81.569	146.707	178.785	-178.011	75.369	4.548	-168.854	150.759	-177.656	66.63	-90.345	179.2	-149.219	21.989	-171.522	58.482	-83.883	-164.565	157.328	179.952	54.831	178.764	177.331	-179.57	
64	-7.91721	-165.052	-41.332	178.146	174.969	-106.902	138.687	77.074	-75.542	-172.065	152.93	-36.297	176.284	-62.713	-29.02	-177.626	67.829	-94.952	-71.893	131.901	-178.373	-174.567	173.365	178.505	59.777	
65	-7.89545	-84.272	152.385	178.604	179.12	-109.946	150.663	-165.37	71.279	-173.681	75.57	-68.183	171.298	-73.576	155.123	-179.376	-179.085	72.317	-58.771	120.816	-178.583	-173.74	175.57	179.858	-60.048	
66	-7.85188	-84.701	151.355	179.444	175.188	-113.298	156.35	-163.617	75.248	178.463	76.401	-77.977	-178.284	-147.448	22.521	-172.402	58.363	-83.885	-166.194	-2.766	-179.185	54.319	176.427	178.329	-179.192	
67	-7.7648	-176.129	-22.342	-172.094	64.922	-87.958	-9.863	135.517	-176.156	176.507	60.534	-102.242	179.059	-76.971	-38.078	-174.213	179.112	80.319	-96.353	114.898	-179.064	-173.214	174.717	177.866	-60.345	
68	-7.75768	-79.001	142.366	-170.867	177.452	-124.669	-1.848	-59.763	-38.442	-177.548	-67.903	-33.015	-175.225	-83.061	-34.828	-179.577	179.668	62.348	-160.572	153.944	-179.059	59.352	-175.405	176.5	177.305	
69	-7.75302	-167.514	-31.169	-176.443	-176.734	91.774	-0.648	83.489	47.886	-179.704	177.407	-70.742	176.535	-77.962	-26.124	178.997	-56.939	-59.829	-160.403	175.153	179.536	56.464	178.871	178.476	59.259	
70	-7.74263	-172.313	-26.243	176.981	173.553	61.66	-154.522	105.556	-46.934	178.735	94.887	-54.533	171.99	-61.356	-25.285	178.112	65.238	-97.188	-61.735	130.709	-179.092	-175.192	173.362	176.697	-60.441	
71	-7.69752	-82.253	144.349	179.921	178.72	-108.744	144.11	-148.511	66.999	178.397	66.441	-93.08	176.836	-83.413	-29.93	-175.423	-179.973	80.214	-74.879	-43.235	173.044	-66.294	-179.728	-179.204	-59.913	
72	-7.68187	-82.358	144.528	179.874	178.366	-109.028	145.047	-149.106	67.283	178.026	67.287	-92.265	177.222	-87.08	-25.829	-177.034	71.956	-95.471	-74.944	-47.034	174.405	-170.584	176.813	179.684	-60.034	
73	-7.64327	-168.941	-30.104	-178.898	178.667	-94.444	0.773	95.818	-162.258	-179.669	69.739	-84.478	177.783	-145.637	20.949	-173.177	58.603	96.187	-167.42	-169.026	179.239	56.575	179.314	-178.131	-173.647	
74	-7.60791	-159.926	156.212	175.655	59.159	87.807	-174.696	54.725	-119.391	175.548	-118.904	16.981	179.003	-84.218	-41.056	171.461	-172.295	-106.848	-163.695	-16.205	174.181	62.023	-173.951	172.954	-66.066	
75	-7.59954	-166.845	-48.4	-167.365	167.685	78.521	177.464	-62.6	-32.701	-177.551	-66.893	-30.4	-174.384	-93.207	-42.427	-176.828	-60.361	100.262	-165.915	161.116	179.725	52.723	177.124	170.343	178.463	
76	-7.58623	-154.292	152.545	-179.533	65.051	100.472	-176.169	53.939	-129.91	171.54	-112.02	17.898	-175.714	-93.124	-30.404	177.278	-60.302	-83.477	-152.327	-36.622	175.895	-171.475	175.155	179.682	-59.804	
77	-7.5551	-167.634	-30.803	-177.694	-177.856	-100.034	1.555	-72.883	76.439	179.797	165.281	-61.92	-179.022	-97.522	-12.25	172.593	66.529	-95.952	52.925	-113.705	178.133	-57.934	-67.432	177.642	-59.034	
78	-7.55238	-80.722	146.027	178.211	-166.779	95.78	-151.131	-159.951	84.242	-171.313	80.594	-55.409	168.439	-127.692	168.052	-178.842	61.372	-88.662	-77.524	111.881	-178.887	-171.251	176.043	-179.729	-59.985	
79	-7.52646	-165.376	-46.443	-179.584	178.416	85.991	-175.693	-72.426	-36.069	178.048	-75.776	-33.147	179.545	-69.616	-40.697	175.048	179.222	69.122	-87.293	-0.26	-179.32	-66.437	-176.519	174.675	58.99	
80	-7.51554	174.136	-6.328	175.716	60.869	-85.692	2.619	79.493	-148.285	178.275	63.934	-101.921	176.462	-73.214	-33.639	179.875	179.125	81.253	-75.86	128.492	-178.404	-173.191	176.551	179.549	-60.053	
81	-7.46811	-177.305	-21.454	178.928	171.625	59.132	-152.651	88.342	27.627	171.338	77.281	-77.264	-176.747	-95.976	-38.584	-175.34	-57.588	103.471	-160.373	143.837	-178.052	-172.184	171.166	80.016	-64.207	
82	-7.41328	-171.42	-31.044	-177.285	171.199	-111.219	179.194	72.98	-134.589	177.339	67.482	-92.86	-177.95	-97.713	-13.923	-179.347	68.435	-95.435	-72.694	126.706	-178.436	-66.58	-176.638	-177.779	60.885	
83	-7.38851	-176.359	-26.915	-172.912	170.27	55.781	-178.041	-59.34	-35.268	-178.127	-67.706	-33.131	-175.919	-90.741	-23.419	179.502	-63.985	95.312	-65.416	127.277	-178.378	-171.606	178.545	-176.859	-59.622	
84	-7.38341	-155.018	164.831	176.021	73.097	103.771	-172.928	55.826	-117.973	173.111	-126.325	24.997	-178.791	-92.76	-41.548	177.036	-66.219	-88.822	-164.203	-9.995	173.099	56.489	-179.787	175.299	-64.695	
85	-7.32342	-83.948	152.234	179.38	177.501	-109.675	149.217	-163.683	73.385	177.744	73.637	-86.068	-177.354	-87.979	-50.164	179.926	177.713	78.769	-78.467	160.82	-178.774	74.268	-170.613	175.296	173.601	
86	-7.18726	-84.679	28.723	-179.786	-171.773	61.37	-151.626	54.377	37.158	-174.247	73.613	-74.282	-178.248	-148.501	65.153	171.601	-62.268	-77.81	-55.232	138.006	-178.732	-82.978	172.367	172.108	-179.685	
87	-7.15086	-164.048	147.691	174.241	60.373	-86.404	4.663	59.877	-105.649	-176.121	-76.863	-30.719	-177.042	-82.627	-21.749	172.232	-60.046	-71.885	-158.448	119.391	-177.671	-168	178.34	179.808	-60.028	
88	-7.08152	-84.019	150.814	179.027	177.534	-110.466	149.491	-160.273	73.118	179.108	69.173	-88.024	-179.943	-101.854	-14.12	-176.649	70.007	-94.108	-73.7	-45.172	178.159	-66.387	177.349	83.08	-62.483	
89	-6.85833	-163.694	-38.316	179.226	-178.233	-87.604	0.328	-160.609	63.103	177.863	65.521	-98.072	177.313	-70.747	-27.895	178.527	72.542	-94.69	-82.092	-39.522	168.391	-169.701	171.312	174.888	-60.244	
90	-6.62054	-76.879	158.524	177.097	-177.218	-95.339	-4.697	105.975	134.063	179.042	77.944	-73.839	-176.724	-81.545	-14.044	174.905	72.829	-94.665	-149.781	133.395	179.871	-173.06	178.793	176.371	179.511	
91	-6.56517	-83.025	159.459	177.3	-172.044	-94.463	-176.214	103.682	140.187	179.744	77.077	-74.453	-176.797	-80.357	-15.846	173.487	71.309	-95.257	-151.981	128.725	179.996	-170.581	-177.53	178.657	179.814	
92	-6.52506	-84.415	151.029	178.862	177.651	-106.399	-1.37	-165.752	73.203	-177.752	66.408	-93.66	-178.521	-93.886	-15.535	-179.868	72.123	-94.929	-71.381	-43.628	176.812	-66.447	-179.617	-177.561	-58.667	
93	-6.51376	-176.174	-20.978	-178.456	67.726	-81.709	-5.351	75.016	-90.652	176.781	70.362	-80.521	-176.765	-139.8	24.855	177.289	56.812	-83.811	-155.23	172.475	-179.969	53.38	162.461	74.292	54.541	
94	-6.51252	-171.919	-19.344	168.722	-171.172	-123.177	1.245	58.83	46.501	-179.661	81.735	-73.208	-177.14	-154.377	62.732	171.864	-65.453	-75.437	-161.641	-169.213	179.699	57.467	177.423	178.518	176.84	
95	-6.46879	-166.15	-36.267	-179.602	-179.515	-93.365	179.173	-167.829	66.529	175.575	64.775	-96.861	175.35	-63.069	-35.509	177.205	177.039	79.457	-79.732	-40.243	167.417	-65.234	-178.653	-179.328	-179.947	
96	-5.97803	84.4	-19.798	-177.562	-176.245	-98.479	1.633	178.503	71.197	178.405	69.596	-89.874	-178.77	-95.182	-15.264	179.504	72.03	-94.759	-71.906	131.475	-178.644	-66.21	-179.142	-177.473	-58.475	
97	-5.61885	179.796	-17.626	-179.679	55.454	86.323	-2.84	69.993	-89.31	173.871	-144.443	27.573	178.064	-81.807	-30.286	-179.796	-179.055	-100.435	-69.856	-44.431	178.283	-172.09	175.672	179.828	-59.978	
98	-5.4971	-152.759	-33.11	174.818	-48.855	-61.963	177.343	-171.817	-73.915	175.031	-80.078	-32.533	-178.136	-70.417	-45.548	174.481	176.748	-127.709	-165.016	-19.606	175.474	60.748	-173.886	179.988	-59.751	
99	-3.33434	-52.589	-49.135	176.39	177.05	78.515	-179.507	-75.136	77.926	179.431	69.746	-92.149	179.971	-96.669	-21.535	174.931	73.974	-92.056	-163.543	-59.038	-178.844	-173.547	175.948	179.83	179.981	
100	-2.62185	75.138	2.553	-177.945	-173.17	69.938	-178.874	-140.358	176.804	-178.729	67.442	-100.262	174.604	-79.341	-31.35	-177.893	-179.183	76.076	-95.903	175.989	178.723	-62.562	-177.24	-179.369	60.027	
