1	-11.7072	-83.468	155.816	-177.17	-173.2	79.374	-166.344	-154.336	86.016	168.501	82.928	-75.136	-169.977	-136.842	19.118	-174.114	58.851	-85.471	-163.456	160.958	-179.79	52.873	175.321	-179.876	-178.615	
2	-10.5529	-78.114	139.546	-167.129	-163.979	79.462	-156.198	-89.905	60.781	178.994	69.228	-86.467	174.986	-100.159	-25.536	-172.666	72.485	-93.746	-83.307	133.639	178.1	-169.46	176.292	-179.943	-60.014	
3	-10.2992	68.131	16.729	178.336	-170.264	-115.366	6.942	57.586	37.154	-179.44	81.552	-70.128	-172.968	-141.149	18.169	-168.084	57.714	93.906	-103.632	108.308	-179.504	-66.274	176.225	-174.335	-58.353	
4	-10.2817	-84.074	152.346	-179.093	179.361	-112.601	146.491	-159.255	69.111	177.464	66.246	-94.646	176.772	-77.75	-32.754	-177.107	178.974	80.224	-79.024	141.973	-178.848	-65.421	-179.208	-179.319	-59.935	
5	-10.2816	-81.995	145.18	-177.593	178.124	-119.541	155.66	-149.065	54.168	173.619	81.182	-70.958	-172.24	-118.091	12.874	-175.081	60.103	-90.012	-156.601	168.57	179.968	53.69	175.558	178.783	-58.423	
6	-10.2795	-82.802	155.63	-177.665	-167.029	88.512	-144.126	-161.759	79.221	174.981	66.743	-96.356	178.297	-79.951	-27.25	179.361	72.416	-95.392	-76.931	126.772	-178.514	-173.61	177.826	81.849	-64.23	
7	-10.2474	-84.294	151.4	179.195	176.492	-108.726	149.161	-162.398	76.579	178.364	70.142	-91.471	178.132	-99.374	-14.506	175.543	72.887	-94.027	-74.603	132.485	-178.933	-64.831	-176.658	-177.151	-57.228	
8	-10.2253	-90.167	155.869	-177.894	-167.112	-91.477	35.759	-162.105	80.349	174.878	66.349	-97.016	177.322	-77.599	-33.138	179.122	-179.458	80.45	-71.244	127.404	-178.358	-174.336	177.333	82.1	-64.024	
9	-10.1959	-84.2	153.351	-179.898	179.082	-109.187	143.97	-161.94	72.759	177.789	65.815	-95.728	178.145	-79.941	-27.255	179.759	72.319	-95.423	-76.065	128.047	-178.837	-172.239	179.37	83.23	-62.805	
10	-10.1515	-82.402	154.257	-176.993	-167.466	87.277	-146.363	-158.008	78.665	173.845	66.734	-95.648	177.59	-77.816	-32.62	-176.98	178.983	80.206	-79.004	134.115	-178.4	-65.524	-179.249	-179.32	-59.931	
11	-10.1358	-84.27	153.771	179.939	178.821	-108.74	143.832	-162.792	74.24	177.835	65.357	-96.4	177.297	-77.889	-32.865	179.535	-179.408	80.372	-70.438	128.38	-178.676	-172.965	178.98	83.582	-62.627	
12	-10.1337	-84.081	152.034	-179.478	178.827	-111.272	146.351	-159.71	70.739	177.392	66.853	-94.693	177.676	-81.608	-26.9	-179.247	72.593	-95.335	-77.987	131.656	-178.919	-171.335	176.595	179.481	179.904	
13	-10.1243	-169.654	-27.996	178.18	-175.723	84.385	-154.408	79.442	-72.709	-174.791	141.442	-31.743	-179.417	-71.794	-20.361	176.211	70.336	-95.42	-65.92	135.355	-179.091	-69.967	-174.749	-171.07	-177.731	
14	-9.97858	-83.049	154.357	-177.344	-173.196	81.06	-165.377	-154.025	87.424	169.249	81.751	-76.305	-173.798	-140.418	29.632	179.751	-55.769	101.13	-163.093	160.798	-179.818	52.189	173.833	179.799	-179.867	
15	-9.91308	179.384	-17.533	-178.295	178.974	80.303	-6.345	-59.706	-37.71	-178.833	-67.268	-39.822	179.758	-71.289	-38.421	-179.7	174.441	-101.423	-160.598	121.979	-178.085	-174.933	175.142	179.385	179.907	
16	-9.82545	-84.083	152.589	-179.342	179.036	-112.119	146.633	-160.177	70.486	177.372	66.548	-95.175	176.848	-78.491	-32.39	-177.045	179.362	80.434	-79.075	142.993	-178.878	-65.834	179.862	-84.074	-58.136	
17	-9.76841	-84.025	152.512	-179.038	179.298	-112.77	146.694	-159.471	69.217	177.366	66.24	-94.761	176.759	-77.584	-33.216	-176.774	178.584	81.166	-79.893	144.227	-178.872	-65.339	-71.277	179.428	-59.579	
18	-9.29335	-175.978	-22.724	178.307	171.943	59.934	-151.695	88.326	32.17	171.042	75.609	-81.145	-178.496	-95.12	-36.908	-178.37	178.095	57.431	-163.664	159.288	-177.203	62.075	-173.539	178.667	-60.02	
19	-9.1263	-169.417	-31.18	175.89	168.25	67.283	-145.53	79.279	-68.701	-173.921	179.782	-43.329	173.303	-149.771	26.257	-171.28	56.568	-83.747	-114.998	159.821	-179.517	-60.935	-177.517	-176.732	-178.41	
20	-9.05539	-83.693	155.206	-178.041	-174.648	80.034	-167.103	-153.292	90.844	168.049	80.666	-76.245	-171.384	-136.826	19.703	-173.79	58.01	-85.974	-156.878	137.319	179.346	-171.829	174.999	179.916	-60.017	
21	-8.78769	-84.463	151.743	179.034	177.43	-110.523	149.853	-161.883	73.909	179.374	69.339	-87.702	-179.713	-102.88	-13.673	-176.307	69.684	-94.227	-72.196	-45.479	178.435	-66.86	178.821	-177.555	-59.032	
22	-8.75128	-169.509	-38.103	-169.832	169.944	78.641	9.137	-60.476	-39.81	-176.174	-67.656	-32.979	-175.775	-88.786	-27.951	-177.113	-59.858	-78.961	-159.905	121.281	-178.682	-175.863	172.422	176.76	-60.479	
23	-8.63957	-166.425	171.459	-178.595	60.539	90.108	-177.464	-63.779	92.619	-174.683	146.819	-35.536	176.207	-109.897	-50.104	-177.412	168.208	-112.856	-159.453	-56.194	-178.002	-173.032	175.789	179.888	-60.004	
24	-8.54958	-82.115	153.766	-176.495	-169.919	-96.432	21.46	-153.475	79.207	169.305	78.22	-79.176	-169.111	-90.249	-30.106	-173.758	-57.429	105.006	-160.541	169.109	179.26	58.894	-178.044	178.979	179.91	
25	-8.47339	-82.566	149.58	179.414	-179.668	-102.883	176.493	-168.212	46.509	174.789	77.903	-74.41	-177.888	-79.287	-7.885	174.357	68.571	-96.596	-138.8	166.648	-179.35	59.387	176.954	179.845	-60.204	
26	-8.4347	82.596	-9.659	-178.724	-170.811	81.652	-2.609	-68.305	-36.783	179.586	-70.328	-37.646	178.509	-69.428	-43.677	175.731	175.477	-110.994	-141.778	112.18	-176.903	-82.205	-178.083	177.402	178.163	
27	-8.40799	-98.253	166.126	-169.861	60.533	-82.05	6.438	-59.41	150.052	-177.948	87.985	-63.721	174.132	-68.395	-28.04	170.158	177.286	-121.287	-125.732	153.973	-179.217	-60.748	-174.601	-172.831	-56.426	
28	-8.36028	-168.278	-31.486	-178.292	179.657	-92.255	1.731	-64.691	150.027	-178.619	81.21	-63.835	174.175	-56.003	-42.206	175.125	171.865	-119.847	-140.533	165.172	-179.673	-78.768	-177.776	174.373	-62.338	
29	-8.24509	-176.873	-20.25	179.283	179.726	-101.041	150.031	-70.357	77.124	-174.795	155.194	-38.072	173.169	-78.138	-42.025	177.722	176.957	-101.199	50.007	-109.755	177.609	-59.05	-66.105	-176.257	-57.111	
30	-8.20966	-82.758	149.696	178.549	179.036	79.173	178.298	-170.636	46.804	174.905	78.201	-73.777	-178.278	-77.842	-8.58	173.491	68.672	-96.808	-138.663	166.386	-179.252	60.126	177.545	-179.74	179.957	
31	-8.17867	-84.935	156.387	-176.691	-178.77	-119.419	152.117	-164.607	55.916	177.546	77.909	-76.742	-168.601	-92.787	-13.293	-172.237	68.625	-95.873	-70.293	-37.551	178.407	-65.533	179.166	-175.511	-60.202	
32	-8.15142	-84.051	153.148	-179.288	-179.517	71.596	179.698	-166.115	69.326	-179.602	63.743	-98.61	177.19	-69.293	-33.855	-178.665	177.925	80	-79.058	144.72	-178.758	-65.376	-179.192	-179.304	-59.941	
33	-8.11428	-170.603	-34.55	-172.037	174.584	-95.527	-177.266	-63.956	-36.633	-176.986	-66.93	-34.632	-177.164	-87.121	-31.958	-178.743	-60.85	100.773	-138.517	105.4	-177.626	-66.4	-173.617	-178.091	-59.772	
34	-8.09365	-78.887	140.709	-168.976	-169.036	72.447	178.304	-88.681	64.045	173.762	72.402	-79.069	-175.722	-125.669	12.424	-173.832	59.837	-88.923	-149.454	145.102	-179.798	-170.594	173.919	179.987	-60.009	
35	-8.04041	-138.95	168.551	178.536	-166.52	74.372	-0.353	84.796	-80.191	173.892	-72.793	-37.112	177.038	-77.279	-31.572	-177.949	175.936	-105.809	-156.755	105.669	-177.575	-176.466	175.681	177.042	-60.443	
36	-8.01694	-85.451	156.301	179.425	-179.852	-108.108	142.093	-166.732	74.77	179.58	64.954	-98.58	176.993	-77.268	-27.568	-178.719	71.899	-95.584	-71.129	126.396	-178.689	-162.256	-161.505	-68.431	-170.312	
37	-8.01668	-165.687	-37.087	-176.372	177.678	-90.955	177.948	-63.157	150.386	-178.878	83.587	-62.023	179.139	-67.761	-37.269	179.845	-58.493	-69.253	-137.492	160.776	179.502	-64.085	-174.563	-178.937	-179.858	
38	-8.00008	-172.115	-27.731	177.224	167.085	61.965	-146.311	80.432	-68.239	-174.741	173.33	-42.209	175.812	-145.133	37.122	179.131	-61.218	-76.791	-136.706	79.69	179.328	-66.845	-176.373	177.92	176.272	
39	-7.952	-166.971	-38.656	-179.197	176.467	-98.858	-171.619	-67.027	-35.564	179.016	-74.709	-35.989	-179.331	-69.535	-39.62	176.749	177.535	70.684	-81.593	-14.796	179.677	-67.624	-70.459	-179.46	-56.616	
40	-7.87166	-169.058	-32.093	-176.647	176.305	87.542	-167.034	-63.303	148.039	-179.093	81.546	-64.446	177.374	-57.787	-42.378	177.365	173.503	-121.497	-142.077	-2.675	-179.526	-79.082	-177.443	173.626	177.366	
41	-7.79486	-168.686	-30.536	-179.096	-179.494	-92.452	175.958	-64.126	147.76	-178.325	81.289	-63.205	175.463	-55.612	-42.28	176.168	172.05	-120.242	-141.207	-10.986	-179.38	-79.549	-177.713	174.267	177.58	
42	-7.77939	53.73	13.082	-176.131	60.901	90.278	-151.814	75.662	-161.319	177.337	62.294	-115.647	-177.908	-87.495	-15.041	-178.713	-179.172	-108.488	50.75	41.018	-177.168	-59.336	-178.824	178.063	-64.409	
43	-7.75754	-78.969	142.35	-170.842	177.426	-124.655	-1.924	-59.801	-38.438	-177.543	-67.928	-32.96	-175.243	-83.093	-34.817	-179.597	179.587	62.193	-160.619	154.022	-179.061	59.366	-175.358	176.474	177.341	
44	-7.74258	-172.168	-26.29	176.947	173.539	61.654	-154.534	105.596	-46.901	178.715	94.871	-54.556	171.987	-61.346	-25.263	178.077	65.225	-97.196	-61.761	130.71	-179.09	-175.189	173.367	176.693	-60.439	
45	-7.69751	-82.31	144.295	179.933	178.722	-108.715	144.077	-148.44	66.976	178.388	66.459	-93.059	176.816	-83.4	-29.969	-175.409	-179.966	80.224	-74.878	-43.182	173.001	-66.282	-179.747	-179.187	-59.921	
46	-7.68187	-82.358	144.528	179.874	178.366	-109.028	145.047	-149.106	67.283	178.026	67.287	-92.265	177.222	-87.08	-25.829	-177.034	71.956	-95.471	-74.944	-47.034	174.405	-170.584	176.813	179.684	-60.034	
47	-7.55681	-175.252	-22.21	-179.988	-178.368	-97.729	0.785	-74.059	73.225	-177.306	153.067	-46.541	175.252	-78.144	-36.706	-179.685	176.205	-111.371	50.264	-133.97	178.707	-56.968	-66.146	-177.017	-57.855	
48	-7.55508	-167.674	-30.799	-177.693	-177.862	-100.03	1.565	-72.881	76.436	179.797	165.291	-61.953	-179.023	-97.478	-12.264	172.594	66.536	-95.964	52.925	-113.664	178.106	-57.926	-67.442	177.645	-59.034	
49	-7.55236	-80.768	145.994	178.232	-166.798	95.788	-151.117	-159.904	84.18	-171.322	80.628	-55.378	168.419	-127.713	168.068	-178.847	61.381	-88.641	-77.536	111.882	-178.895	-171.242	176.044	-179.704	-59.934	
50	-7.51173	81.248	-9.913	177.234	174.431	59.933	-147.167	75.366	28.672	172.577	77.564	-76.576	-176.2	-92.72	-42.466	-175.333	177.204	71.382	-162.909	142.066	-177.417	-171.507	174.204	-179.891	-60.009	
51	-7.50369	-85.712	155.402	179.658	177.897	66.451	-25.051	-169.632	75.767	-175.746	73.068	-73.986	170.065	-97.776	-45.403	-175.728	176.384	70.693	-163.274	144.391	-179.486	-171.529	173.847	179.984	60	
52	-7.46807	-177.384	-21.405	178.934	171.585	59.165	-152.667	88.38	27.472	171.358	77.315	-77.172	-176.773	-95.965	-38.632	-175.321	-57.603	103.445	-160.341	143.833	-178.049	-172.154	171.205	80.082	-64.138	
53	-7.3839	-84.299	151.163	177.778	178.318	-109.956	152.224	-163.941	71.95	-172.04	75.097	-66.372	168.944	-80.363	156.636	174.809	-179.719	73.901	-119.924	126.16	-179.522	-168.98	175.712	-179.096	-59.904	
54	-7.37173	-85.346	152.348	178.694	178.753	-110.001	151.091	-165.277	71.51	-174.031	75.555	-68.324	171.167	-73.095	154.432	-178.186	-178.856	-109.429	-58.412	-55.606	179.024	-173.856	175.493	179.874	59.993	
55	-7.36027	-164.178	-45.611	-177.465	177.454	-97.731	177.361	-74.049	-27.515	178.441	-64.79	-35.256	178.418	-85.318	-40.028	179.064	-60.924	103.143	-104.357	86.504	-177.241	-60.752	-173.832	-173.778	-59.142	
56	-7.3291	174.12	-7.806	178.728	65.012	-84.181	3.141	84.769	-143.573	179.06	65.24	-99.896	177.545	-85.89	-27.092	179.858	-56.698	108.739	-75.792	128.516	-178.571	-172.589	177.026	179.429	-60.074	
57	-7.32329	-83.758	152.244	179.384	177.521	-109.677	149.191	-163.706	73.375	177.741	73.662	-86.057	-177.366	-87.993	-50.175	179.925	177.711	-101.228	-78.442	160.789	-178.768	74.254	-170.618	175.282	173.606	
58	-7.23935	-172.094	-26.655	177.146	173.368	57.317	-155.304	109.891	-32.599	176.59	87.925	-63.255	178.751	-67.593	-21.645	-179.773	65.778	-98.605	-56.08	126.472	-177.248	-176.681	172.72	176.501	-60.484	
59	-7.15085	-164.132	147.721	174.258	60.359	-86.425	4.706	59.872	-105.655	-176.119	-76.875	-30.712	-177.053	-82.605	-21.777	172.229	-60.025	-71.823	-158.438	119.429	-177.668	-168.001	178.343	179.801	-60.03	
60	-7.14467	177.954	-9.817	169.701	-179.72	50.61	-4.858	60.819	43.307	179.49	77.587	-72.006	179.147	-146.569	31.838	-176.36	-59.445	102.514	-87.257	130.433	-179.2	-167.919	177.783	179.795	-60.023	
61	-7.13572	-83.069	144.074	177.999	173.058	63.686	-19.531	-152.798	76.988	174.365	76.299	-74.452	176.355	-137.689	19.832	-175.645	61.54	-83.053	-125.926	155.137	-179.794	-58.051	-174.306	86.154	179.579	
62	-7.11004	68.442	13.465	-173.836	-167.321	-111.011	4.169	-65.843	-24.018	-179.505	-64.453	-30.055	-175.379	-89.207	-22.646	179.137	-67.291	-89.236	-69.463	130.699	-178.416	-69.198	-177.394	-173.262	-55.425	
63	-7.09422	-177.133	-15.999	172.103	55.563	-87.574	-167.944	102.264	-159.722	-178.236	68.045	-84.362	177.524	-93.625	-39.948	-177.596	-61.373	100.753	-166.662	163.083	179.288	57.082	-178.628	178.155	-179.465	
64	-6.92847	-172.866	-27.174	-179.303	57.72	-86.408	-3.511	155.873	142.574	177.11	75.716	-74.688	-176.548	-66.182	-36.1	178.847	176.954	-120.408	-162.292	-7.679	178.372	60.974	-174.912	175.456	56.671	
65	-6.8784	-84.487	151.082	179.473	-178.3	-109.726	147.228	-162.743	61.829	-172.405	80.536	-67.422	171.547	-63.816	151.973	-178.599	64.276	-99.317	-82.049	-50.965	179.283	-66.754	-179.309	-179.916	-59.993	
66	-6.85833	-163.694	-38.316	179.226	-178.233	-87.604	0.328	-160.609	63.103	177.863	65.521	-98.072	177.313	-70.747	-27.895	178.527	72.542	-94.69	-82.092	-39.522	168.391	-169.701	171.312	174.888	-60.244	
67	-6.85446	-81.227	141.752	-171.589	178.315	53.764	2.33	-61.654	-39.255	-177.385	-65.449	-34.489	-178.79	-79.996	-36.36	179.446	178.573	-103.907	-157.374	122.357	-178.205	-173.236	175.558	179.922	59.985	
68	-6.75635	-84.236	147.229	176.283	174.504	-99.159	150.694	-162.67	81.478	-169.878	80.943	-56.162	169.516	-124.382	164.884	-179.185	61.356	89.74	-82.338	117.887	-179.039	-170.953	176.388	-179.808	-59.994	
69	-6.6782	-86.428	155.506	-179.576	174.642	-111.313	156.421	-171.439	80.117	-178.079	76.807	-74.723	176.516	-141.664	25.801	-179.449	-56.98	100.626	-79.837	-44.95	179.683	-170.78	174.081	79.987	54.913	
70	-6.6293	-168.589	-35.723	-177.614	170.232	-120.165	179.493	67.13	-149.17	176.24	64.13	-97.079	175.934	-69.308	-35.263	-179.202	178.683	-101.094	-83.626	135.577	-178.427	-64.659	-178.578	-174.109	60.925	
71	-6.56516	-83.152	159.491	177.317	-171.98	-94.505	-176.273	103.628	140.342	179.758	77.053	-74.474	-176.79	-80.325	-15.899	173.464	71.276	-95.275	-152.056	128.627	179.962	-170.577	-177.535	178.68	179.841	
72	-6.56515	-83.07	159.45	177.305	-172.066	-94.478	-176.321	103.712	140.145	179.724	77.082	-74.455	-176.802	-80.346	-15.855	173.495	71.335	-95.253	-151.967	128.72	-179.999	-170.609	-177.579	178.616	179.806	
73	-6.55129	-165.151	156.994	175.677	59.14	90.305	-7.775	53.169	-127.763	175.051	-108.141	10.902	-179.409	-84.005	-36.714	175.875	-176.19	-95.287	-156.059	-42.892	176.986	-170.125	70.277	-178.862	-59.848	
74	-6.52946	-84.748	22.818	-174.474	48.943	-94.106	-0.013	72.833	-167.184	178.167	63.439	-102.032	-178.683	-85.88	-20.834	176.479	-177.859	-120.852	-133.73	80.045	178.624	-64.591	-170.977	-177.29	-57.334	
75	-6.49759	-80.442	140.08	-167.983	178.847	-122.422	-178.303	-64.796	-26.26	178.646	-55.665	-40.535	179.576	-92.083	-38.167	-176.683	-49.575	-46.137	-89.245	94.343	-177.743	-63.809	179.572	-177.245	-59.883	
76	-6.47113	-178.081	-15.793	178.856	-173.421	-99.561	179.229	96.644	-63.207	-177.742	-63.467	-49.248	-173.227	-86.399	-28.841	-175.674	-53.259	-46.634	-161.923	152.663	-179.153	59.151	-174.137	-179.957	-178.112	
77	-6.46802	-166.274	-36.258	-179.611	-179.522	86.629	-0.819	-167.832	66.506	175.577	64.774	-96.866	175.346	-63.045	-35.531	177.213	177.056	-100.512	-79.723	-40.272	167.413	-65.231	-178.648	-179.362	60.069	
78	-6.40623	-81.573	143.983	178.322	-166.806	95.936	-151.825	-157.165	84.06	-171.38	79.751	-57.07	165.8	-125.936	162.781	177.111	-173.487	-114.067	-65.68	-60.292	179.401	-176.47	66.231	-178.017	-179.754	
79	-6.04501	-170.643	-20.855	168.668	-171.056	-123.794	175.248	59.52	47.911	179.468	81.974	-69.841	-179.393	-160.029	67.103	170.964	-173.274	-114.948	-161.769	-174.121	179.603	56.699	176.642	177.737	176.503	
80	-5.93627	-37.616	-39.658	-178.17	-175.647	-95.095	170.016	-64.242	107.826	-178.289	75.737	39.769	-179.5	-155.513	-49.482	175.275	173.461	-122.615	-136.142	-2.754	177.958	-78.289	179.797	174.517	177.566	
81	-5.92347	82.124	-31.463	-178.433	-173.567	-87.334	3.016	83.768	46.643	178.625	174.91	-74.542	176.91	-69.923	-30.515	-179.713	177.29	-115.97	-162.906	168.354	179.505	59.717	-175.15	177.084	-60.934	
82	-5.81324	-166.073	149.382	170.317	59.878	-87.277	3.784	61.179	-104.266	-175.018	-75.483	-32.293	-177.036	-81.751	-29.617	172.144	-59.848	-70.213	-137.731	106.641	-177.072	-63.937	-175.544	-178.129	-59.744	
83	-5.76167	178.24	-12.448	179.825	-172.337	-98.24	179.303	93.38	-65.299	-178.522	-62.224	-49.576	-176.703	-87.42	-23.654	-179.604	-51.875	-48.113	-156.13	111.412	-178.174	-173.371	176.03	179.792	179.975	
84	-5.62024	-83.311	159.741	177.485	-172.217	-95.321	-175.959	103.576	139.903	179.807	77.194	-74.271	-176.829	-80.68	-15.363	173.516	71.53	-95.097	-152.148	128.827	-179.798	-168.685	-174.047	-79.949	-175.453	
85	-5.61884	179.873	-17.664	-179.678	55.473	86.348	-2.842	70.002	-89.298	173.869	-144.451	27.579	178.06	-81.797	-30.335	-179.79	-179.063	-100.415	-69.853	-44.431	178.285	-172.082	175.671	179.84	-59.983	
86	-5.56488	-84.089	148.87	179.481	177.04	-118.172	158.985	-158.861	66.218	179.897	80.539	-67.169	-179.156	-84.1	158.544	178.555	-57.977	106.681	-163.223	-11.37	-179.808	53.545	178.488	176.05	-60.662	
87	-5.50716	-165.37	134.536	178.469	179.86	90.237	-176.513	-70.276	87.869	-179.7	176.86	-48.871	-179.623	-138.831	22.271	-177.791	51.668	-91.452	-158.888	142.92	179.763	-173.115	174.623	179.415	-60.089	
88	-5.49707	-152.781	-33.097	174.82	-48.925	-62.033	177.448	-171.864	-73.834	175.004	-80.092	-32.56	-178.139	-70.401	-45.576	174.473	176.739	-127.727	-165.006	-19.596	175.466	60.746	-173.893	-179.975	-59.696	
89	-5.34377	-167.071	157.283	170.005	61.573	90.297	-3.328	69.21	15.455	179.942	72.863	14.591	179.357	-96.057	-29.497	-177.178	-51.982	131.85	-162.953	-9.713	174.275	60.923	-170.319	86.037	178.788	
90	-5.18369	-75.867	149.889	178.828	178.03	-110.147	-179.181	-168.99	43.169	-179.418	76.529	-74.831	-170.328	-80.62	-16.06	-178.844	68.71	82.508	-67.124	-43.731	177.996	-66.054	-174.221	-176.007	59.97	
91	-5.07335	-88.909	158.019	175.528	-175.716	-102.215	-1.512	65.192	-99.961	178.483	-68.409	-25.202	175.768	-119.741	46.196	176.809	-54.518	99.196	-71.641	127.838	-178.798	-169.683	71.393	179.59	-179.913	
92	-5.0284	-84.56	162.853	-176.922	56.903	90.592	-176.634	-75.988	84.437	176.416	-172.688	-128.813	-178.055	-62.591	-31.76	-177.963	175.092	-106.405	-147.862	114.723	-178.658	-175.819	172.413	78.365	-66.15	
93	-4.65042	69.759	16.128	-177.354	-56.259	109.308	-2.734	86.392	98.373	-175.44	78.986	-70.083	172.531	-72.311	144.055	-179.641	176.356	-117.551	-132.287	-16.857	179.13	-62.746	-67.836	164.126	-61.813	
94	-4.38784	-85.624	159.725	-179.911	-174.159	-99.118	-4.961	106.256	140.208	179.968	74.335	-77.807	-177.174	-78.311	-23.823	175.361	-178.733	-121.946	-131.498	128.777	-179.939	-65.397	-175.127	-178.875	-57.345	
95	-4.27182	-76.28	92.939	-178.505	173.259	-124.595	141.902	-89.25	-17.187	-172.434	-84.472	63.099	-178.869	-71.078	-33.323	178.647	-62.519	110.527	-72.385	126.47	-178.356	-171.165	70.212	-178.896	-59.858	
96	-4.11706	-84.875	130.64	172.172	53.79	93.857	-8.505	61.195	29.244	174.008	100.803	-17.877	-176.009	-71.965	-26.463	-179.434	-172.712	-93.482	-159.601	141.205	179.916	-172.055	174.608	179.895	-60.017	
97	-3.58868	51.232	15.982	-171.707	61.019	90.592	169.655	95.373	162.82	-179.62	67.505	-86.609	179.414	-77.112	-32.08	178.422	178.963	-108.48	51.249	50.328	-178.165	-60.283	179.554	-176.954	-59.997	
98	-3.219	-167.749	-34.474	179.803	174.422	-112.537	179.096	78.582	-71.736	179.238	66.234	-94.117	-179.546	-86.422	-28.052	-178.8	-58.11	-73.263	-160.089	118.642	179.31	-173.165	175.86	179.874	179.976	
99	-2.62184	75.056	2.667	-177.971	-173.142	69.901	-178.878	-140.444	176.788	-178.723	67.442	-100.21	174.606	-79.388	-31.339	-177.896	-179.189	76.05	-95.957	176.103	178.725	-62.553	-177.227	-179.376	60.045	
100	2.26619	-156.613	-33.522	176.742	-51.183	-69.36	178.853	-162.542	-139.366	177.56	-59.403	128.146	-174.35	47.184	50.197	-177.999	-51.999	104.491	55.131	-100.727	177.201	-167.273	74.327	-177.74	-59.652	
