1	-10.2474	-84.294	151.4	179.195	176.492	-108.726	149.161	-162.398	76.579	178.364	70.142	-91.471	178.132	-99.374	-14.506	175.543	72.887	-94.027	-74.603	132.485	-178.933	-64.831	-176.658	-177.151	-57.228	
2	-10.133	-84.074	152.056	-179.593	178.866	-111.422	146.541	-159.756	70.726	177.422	66.913	-94.411	177.651	-82.006	-26.824	-179.192	72.615	-95.35	-78.004	132.134	-179.03	-171.307	176.571	179.434	179.91	
3	-9.99131	-82.687	155.195	-177.346	-167.185	-92.13	34.436	-160.505	79.693	174.509	66.946	-96.554	177.03	-78.752	-32.771	179.872	-179.345	-99.546	-72.232	129.071	-178.388	-173.73	176.543	178.875	179.819	
4	-9.82425	-84.266	152.672	-179.301	178.824	-111.551	146.476	-160.544	71.028	177.455	66.581	-95.276	176.858	-78.759	-32.193	-176.987	179.386	80.111	-79.029	143.466	-178.897	-65.785	-179.941	-83.964	-58.114	
5	-9.31635	-82.397	154.043	-177.437	-167.659	-92.233	30.827	-158.702	81.071	173.665	68.857	-92.483	178.442	-87.886	-27.024	-178.425	-57.926	-73.153	-79.444	134.145	-178.503	-65.53	-179.47	-83.362	62.571	
6	-9.14515	53.339	151.366	-178.835	178.513	67.752	-32.856	-158.06	69.38	177.169	66.394	-94.462	176.753	-78.022	-33.113	-176.639	178.603	-98.834	-79.865	144.032	-178.96	-65.335	-71.281	179.354	60.406	
7	-7.91714	-75.786	107.651	-173.281	178.176	-103.127	36.212	-93.417	66.554	169.973	80.176	-70.371	-177.87	-89.139	-38.119	-172.554	178.032	-111.085	-158.527	148.882	175.684	-171.599	172.385	179.986	179.99	
8	-7.03423	-83.995	153.314	-179.714	179.183	72.64	-179.419	-167.247	72.402	-179.737	65.523	-95.766	178.567	-79.87	-28.362	179.485	-59.256	-71.383	-79.673	147.886	-178.941	-66.116	-179.967	-85.148	60.833	
9	-6.90302	83.018	-14.633	178.715	173.299	57.556	-150.549	80.919	25.958	171.661	78.754	-76.337	-174.916	-94.263	-48.361	-179.158	176.463	-120.026	-146.127	143.694	-177.637	-81.671	-175.073	177.766	-61.569	
10	-6.71767	-84.155	153.394	-179.338	-179.682	72.974	-179.286	-166.491	71.98	179.945	63.352	-100.712	177.703	-69.156	-34.028	179.464	179.026	80.637	-73.464	131.581	-178.585	-171.361	69.681	-178.746	60.145	
11	-6.53062	-86.483	26.753	-174.965	49.5	-90.888	2.768	85.312	153.3	179.642	75.348	-75.339	-177.252	-71.975	-37.04	179.188	177.855	-120.328	-161.879	161.643	179.735	61.258	-175.035	175.511	175.892	
12	-6.50379	-175.043	-21.628	179.396	54.812	87.64	5.652	-130.614	54.107	178.077	67.308	-93.983	177.942	-82.518	-27.651	-178.712	-58.808	-71.939	-83.339	119.092	-177.291	-64.637	-71.711	178.202	-60.239	
13	-6.36561	-82.358	134.456	170.45	163.257	-119.842	-163.98	-96.26	-115.267	174.86	61.134	-111.912	178.46	-71.637	-31.699	-178.87	-179.86	-99.944	-80.313	131.195	-179.026	-172.167	176.973	179.388	179.96	
14	-6.31795	-85.047	149.865	179.761	179.678	-103.423	-1.703	-169.05	46.933	174.722	77.63	-75.097	-177.767	-79.795	-7.711	174.387	68.965	-96.429	-138.483	167.279	-178.943	56.934	173.669	-87.532	-60.68	
15	-6.12481	-85.683	155.683	-179.875	174.791	-111.906	157.008	-171.259	79.329	-178.543	77.653	-72.522	177.511	-141.824	21.573	-176.586	56.831	-85.09	-79.017	-44.423	179.599	-169.179	177.82	179.539	-60.045	
16	-5.9099	-37.796	-35.929	-178.011	-177.42	-95.558	1.361	-168.478	76.9	177.749	68.851	-94.226	-179.804	-92.74	-15.436	175.168	73.894	-94.544	-73.637	132.249	-178.858	-65.424	-176.726	-177.11	-57.302	
17	-5.86275	-37.29	-39.397	-177.754	-175.719	-88.458	-0.685	-75.238	77.331	-176.529	133.719	-42.809	175.981	-75.366	-24.442	172.65	-179.735	-121.892	-133.084	164.268	-179.534	-62.406	-170.574	-175.007	-56.407	
18	-5.26553	-168.77	-32.295	-179.907	175.743	-107.929	0.893	78.052	-74.274	-179.28	64.611	-99.071	176.328	-74.148	-33.379	-177.36	179.06	-100.938	-86.43	133.151	-178.505	-64.147	-178.299	-179.287	60.162	
19	-5.01792	-89.045	158.385	175.598	-175.142	78.385	1.128	65.164	-100.138	178.294	-67.986	-25.754	175.963	-119.134	45.729	176.52	-54.487	99.213	-71.809	-46.688	179.107	-169.276	71.44	179.549	-179.939	
20	-4.90993	-38.794	-35.697	-178.32	-53.477	123.24	-179.898	-152.742	40.852	172.432	77.466	-75.33	-177.26	-77.649	-8.375	173.305	69.222	-96.691	-137.505	153.436	-175.972	56.294	175.187	-178.503	-179.624	
21	-4.87937	-93.348	147.175	-174.407	60.907	94.224	-179.97	-87.564	69.759	175.056	76.596	-75.216	-175.27	-86.248	-39.039	-176.381	-59.137	105.575	-163.987	164.302	179.664	58.329	-178.275	179.033	-60.091	
22	-4.79226	88.295	-29.344	178.972	-177.31	-122.062	4.936	88.577	24.581	170.383	67.009	-93.808	-178.745	-76.627	-26.637	-177.827	71.662	84.396	-74.131	133.198	-178.493	-171.612	176.153	179.706	-60.037	
23	-4.78934	56.689	151.534	179.992	-178.71	-98.764	-177.372	75.76	33.214	-176.188	161.906	-53.718	173.002	-72.987	-35.094	177.5	176.127	-121.311	-162.419	173.04	-179.962	59.472	-176.67	178.976	-60.466	
24	-4.77608	-166.247	-26.423	169.928	-168.719	57.51	-3.618	66.214	42.414	-178.273	78.875	-62.596	168.347	-147.66	132.089	-178.47	177.412	-104.516	-78.773	129.186	-178.694	-167.977	71.978	-179.252	-59.927	
25	-4.76464	-160.247	-33.871	176.643	-61.773	-79.281	-179.847	-161.093	63.262	177.374	66.541	-94.095	177.165	-76.611	-29.718	177.093	-60.212	108.883	-75.076	-43.567	170.419	-170.135	174.657	84.788	-58.841	
26	-4.63391	-162.327	-40.224	-179.659	-69.221	-76.718	-0.484	65.278	-89.322	-177.782	-89.59	-26.999	-167.877	-90.04	57.42	174.273	-55.821	-58.406	-163.076	167.335	179.889	54.286	170.494	176.959	-65.986	
27	-4.59248	-159.245	-33.753	177.317	-61.433	-87.167	-179.901	80.158	-73.287	-172.73	-66.33	-44.335	-176.705	-68.823	-41.419	176.252	175.525	-128.919	-165.006	-18.334	179.557	60.24	-175.559	178.224	-63.561	
28	-4.57638	-37.477	-35.513	-178.831	-174.654	-90.844	1.034	-171.904	67.021	178.242	69.128	-90.452	-177.606	-92.463	-15.974	-179.32	71.886	-95.074	-70.464	-39.078	176.508	-67.033	-179.52	-177.308	-58.821	
29	-4.38989	-95.921	168.474	-179.298	67.18	-86.383	1.401	175.4	75.759	176.768	67.717	-93.016	177.554	-76.972	-31.111	175.951	-60.134	-71.179	-74.833	134.183	-178.893	-174.714	178.552	175.937	59.309	
30	-4.30385	-86.262	30.014	-172.139	-47.029	-61.686	1.294	84.54	127.352	-177.811	79.474	-67.391	178.156	-60.142	-43.895	174.702	173.458	-127.341	-164.52	165.483	179.665	62.609	-173.593	179.326	-178.398	
31	-4.30158	-83.778	152.078	177.636	-62.209	114.659	179.808	-178.275	141.478	177.132	76.933	-76.082	-177.076	-76.744	-16.037	174.526	68.709	-96.2	-152.681	143.47	179.886	179.484	169.663	170.177	178.769	
32	-4.24992	52.886	14.462	-176.47	58.73	89.505	-156.799	75.951	-166.193	177.6	65.911	-105.691	-179.075	-97.434	-11.461	-176.229	-177.806	-108.36	50.684	-147.1	178.458	-54.26	100.786	-179.39	-55.812	
33	-3.95436	-65.161	156.118	175.503	-179.464	76.266	1.47	55.862	-124.491	175.865	-110.455	12.972	-178.117	-89.335	-35.347	174.92	-49.392	120.954	-156.131	-44.685	176.509	-168.729	70.988	-178.875	-179.838	
34	-3.9334	-86.742	155.15	178.951	177.629	68.954	-179.886	-172.437	75.072	-175.563	74.56	-74.072	175.584	-96.184	-44.978	-177.305	-59.564	102.937	-166.387	-14.75	-179.31	57.547	-179.069	179.074	-60.073	
35	-3.5441	-156.406	72.4	177.571	-58.025	-78.504	179.866	82.822	-72.163	-174.948	-71.911	-37.4	-174.069	-82.102	-32.45	-179.069	-61.376	102.077	-163.404	-17.882	177.043	52.747	175.02	177.015	178.15	
36	-3.50049	86.93	-28.725	-178.983	-57.436	-73.373	0.214	179.245	169.793	-179.968	73.661	-78.58	178.913	-77.728	-26.501	178.82	71.978	84.006	-79.695	128.123	-178.781	-170.165	177.705	-179.958	-60.003	
37	-3.47794	-154.806	126.096	-177.624	-55.061	113.626	-179.626	-69.783	83.114	-175.436	161.909	-65.459	174.341	-67.185	-30.921	177.874	175.866	68.451	-158.541	22.404	179.023	59.185	-174.86	-178.859	-179.691	
38	-3.43507	-78.067	126.678	-178.058	-179.57	-101.376	24.716	-123.199	15.606	-174.572	-86.023	62.274	178.637	-101.722	-6.953	-175.025	-56.063	117.856	-100.082	136.927	-179.099	-65.433	89.906	-173.847	60.504	
39	-3.40653	-94.627	172.957	178.068	62.12	87.689	14.061	-151.562	-174.282	-177.813	78.123	-74.479	176.739	-86.94	155.926	-175.256	72.46	-95.25	-94.587	-46.499	179.202	-63.063	-70.211	176.15	-60.613	
40	-3.0961	-39.602	-38.17	179.183	-54.387	114.504	-179.781	-147.641	37.077	173.912	79.392	-75.153	-175.285	-71.238	-16.304	170.985	67.238	-97.955	-137.551	136.641	-178.307	-173.304	176.231	178.215	179.862	
41	-3.06395	-93.448	153.235	178.206	179.79	-98.771	2.588	-67.536	93.601	-176.341	88.627	46.054	176.512	-58.348	135.101	-177.788	178.014	80.249	-89.567	136.276	-179.01	-62.505	-69.887	175.458	59.356	
42	-3.0521	58.26	5.933	-168.301	76.486	93.607	172.854	83.092	-145.253	179.137	63.822	-95.061	177.001	-65.797	-34.354	177.791	179.698	-98.684	-85.395	132.292	-178.367	-67.184	98.063	177.579	-61.003	
43	-2.91318	-161.804	-33.441	176.36	-61.505	-67.939	0.175	78.818	-77.222	-169.375	-68.799	-23.966	-178.156	-75.741	-16.869	-174.569	-178.712	-106.261	-151.727	41.057	-177.956	51.859	173.67	-179.181	-61.46	
44	-2.6649	-84.417	146.936	-176.735	-69.982	-96.596	177.791	145.808	81.094	175.327	84.008	-63.794	-179.538	-65.745	-26.398	175.297	-61.069	-69.543	-148.942	141.981	-178.932	-169.4	179.49	-177.134	61.31	
45	-2.58053	65.311	29.312	-176.298	-57.414	-69.563	-0.044	141.79	-27.494	-178.563	97.597	-55.73	162.468	-62.469	-21.01	167.356	64.728	82.618	-126.144	138.138	-178.479	-170.971	-179.186	175.719	-60.602	
46	-2.559	-83.18	157.779	-176.132	-63.267	108.149	1.33	-83.269	72.746	175.822	89.149	-68.459	176.598	-57.274	155.857	-169.027	64.838	-97.06	46.813	57.11	-176.384	-68.639	169.189	77.48	55.368	
47	-2.39939	-94.433	165.086	178.396	58.554	85.003	-1.933	-174.606	167.135	176.407	75.669	-78.469	-177.766	-74.955	-22.647	174.845	-179.329	-120.032	-131.216	159.881	-179.088	-68.544	-177.204	-178.474	-58.147	
48	-2.39638	-82.171	150.609	175.544	-63.714	98.905	179.023	-81.003	67.712	-172.888	85.119	-60.152	177.243	-144.188	-51.693	177.314	-64.854	-79.631	-58.271	150.342	-179.097	69.695	-167.117	178.19	59.364	
49	-2.29376	-97.436	164.986	-171.712	47.98	87.444	-178.593	-76.82	83.749	166.313	81.452	-73.228	-176.802	-149.65	28.386	-175.544	58.19	-82.216	51.649	39.17	-178.038	-57.226	-178.77	-176.523	-59.303	
50	-2.1671	-73.82	50.173	-177.347	-52.532	98.532	179.724	80.193	46.724	-178.075	161.17	-63.699	174.009	-70.326	-28.936	-178.824	174.083	71.869	-160.487	140.856	179.794	-167.757	70.755	-178.987	-179.863	
51	-2.10939	-82.71	129.574	176.373	-84.802	-109.416	-1.555	-84.085	64.061	-178.562	73.17	-79.671	-171.536	-80.414	-37.141	-173.166	178.115	-110.733	-156.162	146.257	176.135	-171.878	173	-179.943	179.992	
52	-2.09885	-79.519	134.92	175.661	170.046	-118.6	-0.069	56.385	33.85	179.725	77.447	-74.509	-166.548	-89.129	-30.537	-169.917	-56.607	105.315	-88.274	179.647	-179.868	-60.815	-177.22	-79.374	-174.125	
53	-2.07873	-94.453	163.309	179.234	60.48	88.211	-179.201	-168.927	165.969	-178.59	77.951	-67.578	177.546	-57.479	-35.696	179.93	169.074	-105.737	-153.307	144.063	179.463	-172.813	176.339	177.444	179.497	
54	-1.95573	-92.745	165.416	-177.04	64.275	92.02	-1.526	142.635	-69.625	169.788	-76.154	-15.183	174.311	-143.118	163.788	-177.842	63.726	-85.454	-78.282	-62.475	179.411	-67.741	-72.642	178.437	-60.243	
55	-1.95453	69.706	38.804	178.079	-58.851	112.37	179.536	-73.539	74.459	-176.013	149.424	-38.034	178.35	-89.825	-32.992	-171.824	177.966	-106.446	45.691	-105.912	177.405	-67.333	90.321	-175.08	-59.842	
56	-1.86515	-83.756	156.795	176.931	-62.885	93.232	179.799	-82.718	61.736	-166.715	78.849	-73.761	-178.759	-149.716	52.73	174.077	-60.224	-78.73	-159.514	-21.649	176.053	59.522	-178.041	-178.31	58.368	
57	-1.85383	-170.436	-30.095	-177.961	54.071	-87.969	166.664	70.512	-85.342	179.028	-85.674	137.315	-179.452	-73.977	79.037	178.424	-66.36	102.531	-69.032	131.52	-179.012	-172.146	175.722	179.877	179.972	
58	-1.84591	74.886	2.946	-177.942	-173.11	69.78	-178.886	-141.68	177.732	-178.733	68.26	-96.36	175.056	-86.039	-29.004	-178.438	-58.38	-72.606	-95.916	175.508	178.71	-63.565	-178.822	-179.228	60.071	
59	-1.60749	-87.083	44.409	179.148	-57.415	100.782	179.876	-139.561	38.927	175.851	79.379	-72.224	-175.551	-104.285	18.297	-177.493	-53.845	-77.776	-160.856	164.96	-179.869	61.219	-170.918	86.517	59.807	
60	-1.55974	-93.344	157.138	171.941	55.442	85.449	-0.376	-140.657	26.32	179.2	-89.785	-17.572	-178.998	-156.539	164.319	177.006	63.197	-85.864	-133.374	-32.109	179.827	-64.8	-68.202	170.831	-60.526	
61	-1.51346	66.603	61.662	-179.423	-59.5	-72.978	0.085	91.06	27.4	169.98	82.502	-72.806	-174.895	-59.733	-45.394	177.197	175.901	79.072	-89.344	136.07	-178.654	-174.543	178.03	176.038	-60.611	
62	-1.44695	72.748	12.349	179.058	-58.91	-80.186	-178.622	76.939	50.461	177.406	71.313	51.165	-177.835	-155.917	161.462	-179.902	-177.288	-112.133	-57.898	-50.405	178.519	-172.943	69.118	-178.572	-179.793	
63	-1.40687	70.736	-4.741	-175.971	63.438	81.812	179.962	-164.757	44.654	173.617	63.92	-94.295	-177.249	-80.275	-21.529	178.176	-179.496	-106.279	53.824	43.975	-178.423	-59.824	178.506	-85.328	-60.225	
64	-1.09767	52.589	16.065	-177.814	58.238	89.551	15.537	77.11	-170.683	-178.005	64.791	-106.809	176.75	-90.261	-21.961	-178.171	-56.707	-74.034	56.35	-156.007	178.979	-147.953	-179.353	-178.732	59.992	
65	-1.08125	-169.922	-27.603	174.654	176.259	-124.787	1.324	77.607	19.555	-179.302	-112.802	18.536	175.744	-141.55	20.615	-173.101	57.386	-86.705	-165.677	165.119	-179.89	54.389	176.366	-85.443	-59.115	
66	-0.985037	-96.9	146.419	176.139	-59.493	98.616	179.803	69.855	24.444	174.944	101.554	-20.743	-175.068	-70.307	-32.538	-178.285	178.317	-104.945	-158.087	-40.344	179.931	-169.037	178.105	-82.146	63.613	
67	-0.931676	72.453	11.175	-176.921	-58.697	105.329	-0.149	133.307	-25.317	178.471	84.308	-61.359	172.724	-77.908	-12.522	178.185	-58.426	108.313	-153.394	178.541	178.33	59.619	-178.747	-179.863	179.835	
68	-0.782434	-104.621	173.823	177.181	79.801	103.515	0.999	-145.551	-99.611	-177.585	66.208	-97.838	177.159	-87.438	-23.825	178.438	68.584	83.608	-84.938	136.344	-179.751	-178.286	-97.546	-179.535	-61.811	
69	-0.548191	-88.445	33.726	-178.77	-65.449	114.918	-179.689	-64.694	102.807	-179.808	69.149	26.572	167.092	-89.143	-24.331	-175.028	-175.923	85.308	-86.682	157.168	-178.918	-62.041	-69.89	174.763	57.366	
70	0.19976	-161.762	-33.032	177.388	-60.712	-72.342	179.989	77.95	-77.033	-167.26	-72.477	-17.137	-179.291	-72.737	-13.948	173.314	-176.995	-109.483	-146.797	27.7	-178.434	58.115	-94.112	-165.736	-52.98	
71	0.34814	-85.482	151.731	175.715	172.596	-106.617	3.1	-74.47	81.373	178.293	-56.715	109.705	-175.707	48.815	44.709	-179.991	-165.466	65.229	-151.559	-40.716	179.062	-171.554	175.829	179.709	179.98	
72	0.612132	-158.406	-37.304	-175.16	-56.739	-84.805	-179.494	145.038	-125.6	173.228	-77.37	66.376	-172.622	-81.843	-30.45	-179.023	-173.339	74.798	-157.509	138.487	-179.958	-171.712	174.989	179.968	179.985	
73	0.63905	-104.37	174.91	173.659	67.069	96.017	-1.261	93.023	13.298	173.338	88.602	-58.291	177.235	-60.326	-29.377	169.884	-62.219	110.75	-129.377	170.123	-179.047	-65.034	-176.202	84.154	178.011	
74	0.76012	-168.547	-30.886	175.596	173.315	51.002	-1.711	74.202	24.742	176.107	-155.331	33.607	-176.247	-96.468	-19.91	-176.618	65.231	83.346	-78.967	129.472	-178.821	-170.924	175.959	-179.955	60	
75	1.18253	64.759	1.476	-175.377	60.259	82.578	179.307	-171.095	51.367	171.434	68.863	-87.361	-176.869	-95.377	-11.666	-177.028	-177.282	-106.408	52.537	-145.236	179.03	-55.94	101.551	-176.917	-58.61	
76	1.22576	-161.989	-33.187	177.613	-64.023	101.66	-0.338	174.349	162.233	-177.775	-82.447	66.099	-178.954	-85.142	-31.552	177.16	-57.508	115.168	51.419	44.655	-178.288	-59.067	-178.677	-84.239	61.193	
77	1.93122	-90.342	38.772	-178.251	-57.07	-78.814	179.803	70.266	37.734	-179.799	-79.465	70.424	-178.424	-81.285	-30.833	177.675	-55.691	116.837	51.301	43.991	-178.296	-57.931	-177.335	-177.11	-179.773	
78	2.08123	-160.43	-33.314	-179.345	-58.052	103.545	-179.882	-156.554	65.491	174.083	65.254	-99.533	-178.166	-75.367	-22.509	175.013	-60.442	108.91	-146.628	66.55	1.21	-164.277	73.527	-178.596	60.189	
79	2.0993	-164.912	-31.911	-178.068	-63.935	102.139	0.01	145.746	-43.694	-179.149	-158.964	93.3	-178.476	-147.246	28.664	-178.602	60.778	102.227	-137.197	146.322	-179.686	-78.548	-72.983	173.357	175.072	
80	2.26623	-156.619	-33.519	176.745	-51.176	-69.359	178.854	-162.553	-139.353	177.557	-59.408	128.147	-174.355	47.179	50.203	-178	-52	104.476	55.135	-100.726	177.188	-167.275	74.323	-177.727	60.36	
81	2.59442	85.21	-16.588	-174.517	-176.096	-93.994	178.646	76.616	36.981	178.823	-172.242	-63.73	176.792	-79.585	-33.04	178.843	-53.976	124.503	54.469	40.865	-178.482	-154.105	-176.906	-82.167	-56.808	
82	2.65417	-156.942	-53.818	-177.661	-80.234	86.769	-179.696	61.272	-101.263	-178.032	-86.721	-26.29	-176.474	-72.312	145.893	-179	179.304	-123.095	-85.046	152.69	6.458	-65.838	-71.419	-85.052	-178.902	
83	2.6621	-171.46	-26.275	175.532	174.532	-124.535	178.4	77.275	23.078	178.044	-106.5	33.784	179.609	-166.461	-40.122	171.894	56.855	-85.6	-155.578	138.259	-179.942	-170.284	176.782	-84.212	-58.335	
84	3.61207	-87.04	170.965	170.58	-55.206	-58.02	179.229	-71.075	77.368	-175.368	88.787	-68.713	179.062	-159.535	154.921	175.896	179.887	67.632	70.519	-66.826	-179.505	-147.862	-73.364	178.998	-60.155	
85	3.8885	-149.741	137.741	177.582	-66.704	-91.826	-1.823	-79.578	69.196	-177.022	75.237	-165.25	179.318	49.761	43.343	-178.276	-166.152	-114.965	-154.564	138.129	179.762	-160.625	76.788	-178.308	-174.514	
86	4.01239	-87.955	162.546	-179.149	-66.733	102.805	179.907	-168.223	93.177	-174.109	80.066	-62.63	172.522	-150.52	-54.658	179.013	169.651	73.145	52.934	-102.248	177.996	-166.376	-175.293	-80.024	63.67	
87	4.04535	-37.988	-31.662	-178.819	-57.311	108.135	-179.81	171.235	64.083	176.675	63.637	-101.521	-179.578	-70.293	-28.673	178.615	-179.887	79.706	-62.879	-49.062	4.027	-170.398	-177.856	-82.131	63.367	
88	5.7607	-91.134	40.456	179.033	-62.37	-87.537	1.41	-73.386	-33.167	176.846	-177.948	170.008	179.648	48.389	47.97	-177.387	-167.251	-115.439	-156.891	130.284	-179.163	-171.617	69.599	-179.628	-179.754	
89	7.15698	-81.679	136.291	26.512	-74.264	90.982	-0.084	152.02	73.861	178.989	67.531	-93.91	174.439	-71.685	-34.047	179.217	178.854	-99.907	-81.091	156.816	178.222	-66.853	177.522	-86.295	58.193	
90	10.1919	74.681	8.52	179.621	-54.498	-74.287	178.215	163.667	-55.508	-178.627	-76.726	79.974	176.33	76.28	-53.614	170.517	-149.553	91.544	-58.098	-41.92	176.14	-174.116	179.963	172.631	178.198	
91	10.4437	173.342	-6.768	174.159	178.96	56.876	-0.781	88.151	-61.86	175.603	-77.075	-20.95	-175.998	54.71	-171.976	175.491	-41.58	-53.381	54.87	63.873	-0.161	-161.993	74.116	85.313	-60.752	
92	11.4424	178.653	-9.316	171.847	65.406	101.017	178.176	174.563	-96.092	27.208	-99.106	-5.779	177.545	-150.344	153.379	-178.414	179.601	80	-162.896	-9.452	179.895	57.252	-175.712	84.553	58.172	
93	11.656	-134.095	59.883	36.009	-170.256	-117.391	33.81	60.509	56.077	-169.697	93.192	66.983	-172.108	-64.809	-33.282	177.27	-69.144	-78.614	53.882	69.291	-179.127	-163.883	179.602	179.802	-60.008	
94	12.3705	82.708	-7.066	174.199	-58.358	106.957	0.05	-58.971	-84.423	16.628	162.069	-50.77	-179.893	-139.191	35.878	-172.852	-51.601	97.446	-159.956	165.563	179.813	57.692	-176.763	174.084	178.889	
95	14.0949	-90.644	37.912	-176.419	-57.061	-78.705	0.041	58.669	60.683	31.255	61.628	37.723	-179.761	-74.273	-29.099	-179.398	-179.994	-108.084	-160.471	167.552	-179.934	59.365	-176.562	177.32	179.587	
96	14.5704	-166.467	136.81	169.203	155.544	60.333	-148.064	-177.038	149.46	29.19	-106.49	-150.709	-178.598	49.087	85.721	179.438	-177.481	56.899	57.979	26.773	179.776	-53.191	-176.554	-177.597	59.933	
97	15.9862	78.658	-47.54	178.143	-64.226	-78.062	0.172	62.436	45.531	179.826	148.541	-93.005	40.122	-98.029	144.461	-177.265	73.769	87.107	50.25	-99.317	178.05	-169.052	178.111	179.769	-60.016	
98	44551.6	177.597	-16.253	171.919	39.713	80.481	69.248	89.698	100.879	-29.422	-158.025	49.747	161.998	-54.199	-120.681	-60.598	-123.857	-172.24	161.73	154.974	-179.288	-46.11	124.916	177.153	-117.822	
99	71606.4	-133.451	-10.796	-91.454	6.909	-77.109	2.701	-125.268	-162.12	100.545	-105.285	-54.966	118.796	37.19	142.04	176.578	150.921	-57.837	175.307	158.543	-178.966	-114.822	-72.392	-178.292	-66.969	
100	86151.5	-79.732	-142.999	96.033	-168.208	3.66	-99.158	-158.588	93.051	-110.753	44.42	127.195	97.569	55.7	-121.784	-83.141	-74.092	1.141	128.255	-137.987	-179.748	-77.617	144.555	-176.568	-58.947	
