1	-10.2817	-84.074	152.346	-179.093	179.361	-112.601	146.491	-159.255	69.111	177.464	66.246	-94.646	176.772	-77.75	-32.754	-177.107	178.974	80.224	-79.024	141.973	-178.848	-65.421	-179.208	-179.319	-59.935	
2	-10.2474	-84.294	151.4	179.195	176.492	-108.726	149.161	-162.398	76.579	178.364	70.142	-91.471	178.132	-99.374	-14.506	175.543	72.887	-94.027	-74.603	132.485	-178.933	-64.831	-176.658	-177.151	-57.228	
3	-10.1944	-84.131	153.275	-179.881	179.063	70.8	-36.071	-161.817	72.69	177.761	65.835	-95.674	178.136	-79.947	-27.286	179.745	72.318	84.579	-76.043	127.898	-178.826	-172.253	179.403	83.249	177.207	
4	-10.1514	-82.399	154.224	-176.97	-167.483	87.273	-146.367	-157.954	78.639	173.834	66.74	-95.639	177.584	-77.797	-32.635	-176.965	178.966	-99.844	-78.995	134.017	-178.397	-65.54	-179.26	-179.356	-59.943	
5	-10.1337	-84.081	152.034	-179.478	178.827	-111.272	146.351	-159.71	70.739	177.392	66.853	-94.693	177.676	-81.608	-26.9	-179.247	72.593	-95.335	-77.987	131.656	-178.919	-171.335	176.595	179.481	179.904	
6	-9.99163	-82.864	155.212	-177.345	-167.185	87.853	-145.495	-160.526	79.675	174.517	66.938	-96.549	177.027	-78.738	-32.777	179.874	-179.36	80.461	-72.234	129.09	-178.388	-173.732	176.547	178.872	179.818	
7	-9.82545	-84.083	152.589	-179.342	179.036	-112.119	146.633	-160.177	70.486	177.372	66.548	-95.175	176.848	-78.491	-32.39	-177.045	179.362	80.434	-79.075	142.993	-178.878	-65.834	179.862	-84.074	-58.136	
8	-9.76835	-84.03	152.481	-179.034	179.307	-112.792	146.674	-159.424	69.196	177.355	66.237	-94.76	176.762	-77.567	-33.203	-176.772	178.582	81.121	-79.903	144.143	-178.869	-65.331	-71.272	179.438	60.438	
9	-8.88762	-81.835	145.787	-177.538	178.953	-119.103	153.682	-149.14	54.223	173.514	78.655	-77.501	-172.01	-70.828	-33.234	-177.899	178.207	-116.447	-160.939	168.563	179.094	60.934	-175.445	177.161	-60.391	
10	-8.54718	-82.43	154.172	-176.996	-167.326	87.306	-148.41	-158.475	79.03	174.214	68.55	-91.711	178.106	-87.531	-27.28	-179.171	-58.106	106.896	-77.945	133.722	-178.467	-66.378	177.542	82.703	-62.841	
11	-8.50559	-84.346	151.938	-179.686	178.064	-111.444	147.875	-160.099	72.145	177.174	67.227	-93.126	177.676	-84.988	-28.846	179.231	-58.699	-72.613	-73.687	130.539	-178.86	-171.262	69.897	-178.781	60.185	
12	-8.47254	-82.548	149.609	179.409	-179.676	77.099	-3.52	-168.259	46.563	174.762	77.903	-74.432	-177.878	-79.319	-7.852	174.372	68.575	-96.593	-138.816	166.643	-179.348	59.367	176.931	179.879	-60.211	
13	-8.40114	-77.932	117.103	-172.147	175.375	-107.492	26.567	-99.271	67.533	166.826	84.434	-64.83	-173.932	-134.811	19.447	-174.085	57.715	-86.252	-156.244	131.586	179.664	-172.224	175.472	179.916	179.92	
14	-8.20927	-82.767	149.71	178.56	179.054	-100.818	-1.653	-170.659	46.816	174.902	78.198	-73.786	-178.279	-77.833	-8.584	173.493	68.672	-96.799	-138.66	166.388	-179.257	60.137	177.531	-179.74	-60.027	
15	-8.20055	-81.943	152.386	-178.031	-166.925	-91.106	31.281	-159.422	79.513	176.935	70.781	-87.629	179.162	-105.409	-12.426	-176.345	69.204	-93.892	-73.786	-45.672	178.187	-66.485	179.061	-177.698	-58.901	
16	-7.94723	-70.351	170.541	-176.676	63.463	88.03	-177.657	-62.981	93.875	-175.16	145.378	-37.231	177.483	-109.5	-48.388	-177.564	169.001	-112.585	-156.709	-63.631	-177.829	-173.933	175.606	179.905	-60.039	
17	-7.79486	-168.686	-30.536	-179.096	-179.494	-92.452	175.958	-64.126	147.76	-178.325	81.289	-63.205	175.463	-55.612	-42.28	176.168	172.05	-120.242	-141.207	-10.986	-179.38	-79.549	-177.713	174.267	177.58	
18	-7.77939	53.73	13.082	-176.131	60.901	90.278	-151.814	75.662	-161.319	177.337	62.294	-115.647	-177.908	-87.495	-15.041	-178.713	-179.172	-108.488	50.75	41.018	-177.168	-59.336	-178.824	178.063	-64.409	
19	-7.75419	-84.26	151.639	179.319	177.488	74.619	-178.956	-166.489	76.586	-179.077	67.495	-95.852	179.798	-92.686	-15.033	173.668	74.476	-94.38	-74.919	133.465	-178.851	-64.746	-175.944	-176.943	-56.786	
20	-7.69741	-82.29	144.318	179.942	178.726	-108.743	144.124	-148.463	66.943	178.392	66.463	-93.042	176.811	-83.413	-29.951	-175.402	-179.988	-99.757	-74.882	-43.155	173.03	-66.28	-179.742	-179.175	-59.897	
21	-7.68186	-82.364	144.529	179.881	178.366	-109.043	145.037	-149.104	67.271	178.029	67.292	-92.271	177.213	-87.082	-25.814	-177.041	71.954	-95.476	-74.936	-47.051	174.409	-170.552	176.793	179.725	-60.011	
22	-7.65972	-84.043	153.658	-179.472	-179.782	72.162	-179.89	-167.195	71.05	-179.631	63.954	-99.611	177.422	-70.038	-33.609	-178.557	178.38	80.229	-79.455	147.087	-178.797	-66.083	179.932	-84.751	61.182	
23	-7.6305	-175.199	-21.453	179.346	53.8	-92.964	1.07	-131.562	53.91	177.928	67.306	-93.99	177.849	-82.192	-27.551	-179.173	-58.84	-71.872	-82.705	119.932	-176.494	-64.033	-178.489	-179.246	-59.929	
24	-7.51173	81.248	-9.913	177.234	174.431	59.933	-147.167	75.366	28.672	172.577	77.564	-76.576	-176.2	-92.72	-42.466	-175.333	177.204	71.382	-162.909	142.066	-177.417	-171.507	174.204	-179.891	-60.009	
25	-7.50611	-179.732	-16.916	178.506	61.163	88.895	-3.679	69.248	-91.219	175.996	-145.327	30.672	176.498	-71.766	-29.844	179.566	179.053	79.265	-72.484	129.015	-178.35	-68.996	178.677	178.082	-61.669	
26	-7.50368	-85.7	155.392	179.668	177.921	66.436	-25.099	-169.602	75.676	-175.753	73.09	-73.998	170.088	-97.736	-45.404	-175.745	176.372	70.714	-163.274	144.422	-179.509	-171.497	173.85	179.941	59.973	
27	-7.49203	67.663	17.847	178.144	-170.332	-113.789	-176.168	58.542	40.387	-179.139	78.18	-71.287	-177.763	-143.614	23.149	-172.052	56.802	95.47	-89.841	111.581	-178.013	-169.886	177.552	179.82	-60.029	
28	-7.48157	-84.015	152.453	-179.715	179.491	-108.073	0.042	-165.668	70.819	-179.815	65.458	-94.886	178.487	-79.593	-27.84	179.293	-59.303	-71.386	-79.107	144.119	-178.879	-65.289	-179.428	-179.187	-59.922	
29	-7.45334	-168.848	-31.067	-176.62	-177.874	-99.922	179.887	-72.859	77.91	178.835	168.026	-61.403	179.619	-97.141	-13.312	172.255	66.818	-95.748	53.211	-115.086	177.677	-57.375	-67.095	179.707	-58.71	
30	-7.11004	68.442	13.465	-173.836	-167.321	-111.011	4.169	-65.843	-24.018	-179.505	-64.453	-30.055	-175.379	-89.207	-22.646	179.137	-67.291	-89.236	-69.463	130.699	-178.416	-69.198	-177.394	-173.262	-55.425	
31	-7.09422	-177.133	-15.999	172.103	55.563	-87.574	-167.944	102.264	-159.722	-178.236	68.045	-84.362	177.524	-93.625	-39.948	-177.596	-61.373	100.753	-166.662	163.083	179.288	57.082	-178.628	178.155	-179.465	
32	-7.07141	-83.969	152.347	178.614	179.173	-109.827	150.537	-165.339	71.288	-173.565	75.526	-68.11	171.134	-73.933	155.79	-179.882	-179.21	-107.955	-57.535	120.581	-178.611	-174.883	172.842	80.36	-64.166	
33	-7.04732	-81.337	145.818	178.247	-166.826	95.686	-151.051	-159.565	83.666	-171.394	80.889	-55.014	168.764	-127.932	167.523	-178.926	58.33	-89.922	-78.961	-60.974	179.701	-171.144	176.084	-179.701	-59.99	
34	-6.85408	-81.337	141.784	-171.634	178.297	53.752	2.385	-61.553	-39.435	-177.336	-65.331	-34.622	-178.789	-79.853	-36.257	179.461	178.6	-103.91	-157.409	122.386	-178.184	-173.234	175.611	179.923	59.906	
35	-6.85154	83.428	-14.688	178.136	173.915	60.249	-147.862	80.138	29.26	172.07	77.311	-76.709	-177.814	-96.18	-39.541	-178.023	-58.638	103.028	-165.674	160.401	-177.595	57.371	-178.589	179.024	-60.088	
36	-6.83572	-163.717	-38.489	179.308	-178.382	92.133	-0.634	-160.254	63.09	177.839	65.529	-98.008	177.309	-70.788	-27.904	178.541	72.567	-94.685	-82.118	-39.563	168.33	-169.747	171.285	174.875	179.741	
37	-6.82631	175.533	-8.418	176.047	62.199	-84.992	-166.639	81.673	-143.211	179.869	65.964	-98.264	177.137	-86.35	-27.064	179.813	-58.286	107.144	-74.836	128.87	-178.608	-172.731	177.177	179.513	179.947	
38	-6.81939	-80.449	149.237	-178.171	178.015	64.214	-178.971	-64.426	148.358	-178.876	83.422	-63.125	173.349	-57.663	-38.336	172.723	173.067	-120.949	-136.594	162.646	-179.681	-76.222	-179.371	172.591	-62.887	
39	-6.78605	69.492	11.239	-176.432	-169.83	68.896	-4.896	-63.442	-28.181	179.134	-62.747	-26.052	-178.613	-112.659	18.555	-177.72	-53.866	-79.663	-161.317	101.416	-178.883	-173.335	175.457	179.956	60.012	
40	-6.7435	-84.362	26.313	-174.681	-160.494	-113.633	173.969	-76.457	-20.344	176.005	-62.856	-29.652	176.561	-92.588	-44.05	175.701	-64.012	-89.503	-95.802	82.669	-177.007	-68.919	-179.489	177.82	-59.569	
41	-6.70273	-175.584	123.158	175.4	49.877	-84.055	175.904	58.368	-109.766	-173.6	-79.704	-27.866	-176.968	-69.893	-42.23	178.166	179.225	-99.316	-164.682	135.571	-178.775	-172.225	175.377	179.861	179.979	
42	-6.64024	-83.062	155.425	175.127	-59.944	101.799	-0.169	-76.656	73.025	-172.049	77.86	-70.865	173.249	-143.04	19.627	-171.17	57.708	-85.526	-108.064	122.145	179.933	-63.248	-179.319	-176.096	-57.872	
43	-6.57041	-85.517	156.267	-179.638	175.37	-111.721	156.224	-172.347	78.971	-177.756	77.192	-73.984	176.864	-142.113	26.789	-179.328	-57.059	100.613	-78.398	-45.672	179.668	-169.099	178.18	179.474	59.932	
44	-6.54611	50.252	18.72	-177.257	52.84	-93.958	1.865	92.65	154.744	179.486	75.401	-75.81	-177.167	-72.506	-36.332	179.941	176.715	-121.392	-161.655	163.92	179.626	61.035	-175.217	176.544	-62.372	
45	-6.5421	-88.412	160.479	179.234	-168.965	82.143	3.307	102.427	149.967	-179.818	76.339	-75.836	-176.899	-78.503	-20.013	172.385	71.003	-95.314	-156.553	127.639	178.914	-171.406	-179.632	177.991	179.894	
46	-6.52946	-84.748	22.818	-174.474	48.943	-94.106	-0.013	72.833	-167.184	178.167	63.439	-102.032	-178.683	-85.88	-20.834	176.479	-177.859	-120.852	-133.73	80.045	178.624	-64.591	-170.977	-177.29	-57.334	
47	-6.52549	-84.249	151.014	178.847	177.64	73.605	178.639	-165.726	73.234	-177.753	66.388	-93.663	-178.516	-93.883	-15.537	-179.873	72.129	-94.926	-71.384	-43.638	176.798	-66.443	-179.611	-177.596	-58.625	
48	-6.52048	-168.583	-35.766	-177.811	170.47	60.117	179.663	66.873	-149.242	176.245	64.168	-96.736	175.93	-69.441	-35.216	-179.234	178.73	-101.082	-83.706	135.578	-178.449	-64.658	-178.635	-174.112	60.914	
49	-6.30377	-94.111	144.346	-178.478	56.067	-88.74	174.043	61.985	-99.688	173.106	-143.859	30.001	-178.375	-79.998	-38.591	179.955	-178.967	79.352	-82.96	135.531	-178.644	-66.964	-179.874	-178.917	-60.147	
50	-6.29293	177.689	-9.51	169.77	-179.859	50.327	-5.41	60.868	42.693	179.588	77.691	-71.799	179.067	-146.832	32.84	-176.236	-59.622	102.584	-84.673	130.758	-179.138	-165.448	-177.925	-81.312	-56.009	
51	-6.27069	-50.552	-51.412	-179.921	179.429	-95.15	-177.949	-70.431	-35.519	178.337	-76.072	-33.969	-179.689	-70.075	-40.523	175.967	179.615	71.496	-85.609	-6.693	-179.706	-66.993	-177.83	175.167	-59.875	
52	-6.19469	-80.72	140.614	-168.007	179.379	-123.199	-1.543	-66.33	-23.092	177.127	-57.249	-40.549	-178.302	-93.878	-39.67	-175.165	-49.741	-45.311	-84.427	-64.341	176.481	-65.538	179.968	-179.033	-60.335	
53	-6.18611	-85.07	157.156	-175.482	-174.381	74.085	-159.512	-152.797	94.459	168.65	72.001	-93.866	176.338	-95.483	-33.283	-177.221	-57.876	104.86	-142.069	-79.503	179.032	-69.489	-173.47	-179.302	-59.943	
54	-6.18065	-92.879	44.777	176.295	-51.979	-64.524	0.388	80.708	-79.453	-179.393	-70.278	-40.29	177.333	-74.055	-32.387	-177.252	175.873	-107.485	-162.738	119.572	-178.013	-171.029	70.629	-179.027	-179.87	
55	-5.93627	-37.616	-39.658	-178.17	-175.647	-95.095	170.016	-64.242	107.826	-178.289	75.737	39.769	-179.5	-155.513	-49.482	175.275	173.461	-122.615	-136.142	-2.754	177.958	-78.289	179.797	174.517	177.566	
56	-5.92333	82.133	-31.417	-178.456	-173.59	-87.371	3.001	83.815	46.448	178.648	175.092	-74.777	176.895	-69.659	-30.564	-179.738	177.229	-115.98	-162.848	168.358	179.503	59.723	-175.128	177.057	-60.95	
57	-5.87579	-167.282	-49.857	-174.529	163.063	-114.615	-179.744	65.495	-95.719	178.695	63.212	-97.842	179.828	-81.413	-27.003	-179.265	-55.807	-67.855	-83.604	127.465	-178.489	-63.983	-179.898	-82.006	-176.323	
58	-5.86432	-159.761	-40.015	175.446	-63.466	-64.387	-0.828	59.337	-106.464	-173.103	-73.519	-25.279	-177.632	-72.103	-22.33	169.771	-176.661	67.438	-134.239	82.836	-177.853	-66.854	-175.739	-172.435	-58.328	
59	-5.76755	-85.462	156.828	175.966	177.084	-106.423	3.463	-70.31	76.802	-177.195	160.655	-43.729	173.815	-85.253	-39.798	177.436	178.34	71.114	51.222	-135.51	178.123	-54.445	-173.348	-177.564	-59.877	
60	-5.72948	-86.154	155.325	178.749	176.729	-111.825	156.763	-171.548	79.004	-173.779	77.74	-64.597	169.774	-117.548	-50.574	-178.951	-60.727	97.856	-139.729	151.403	-179.122	-66.877	-173.741	-179.365	-59.937	
61	-5.70229	-87.119	157.557	-179.585	-173.326	-95.119	-171.973	97.451	133.547	-179.113	77.782	-70.39	-179.298	-67.754	-32.576	-179.654	177.296	-116.478	-160.206	158.317	-177.149	59.103	-175.158	176.276	-57.596	
62	-5.68027	-169.511	-29.06	178.478	-178.726	58.759	2.72	90.057	23.151	170.442	67.132	-93.378	-178.807	-77.029	-26.187	-177.773	71.497	-95.723	-74.265	130.282	-178.072	-171.433	176.49	179.713	179.962	
63	-5.64631	-171.739	-25.246	178.446	69.095	97.099	-5.043	77.135	-74.239	-174.007	160.298	-37.592	173.888	-59.287	-30.206	178.38	67.396	-94.501	-75.032	-46.489	177.57	-171.592	176.217	179.478	-60.065	
64	-5.61864	179.814	-17.596	-179.732	55.447	86.287	-2.835	70.095	-89.335	173.858	-144.466	27.543	178.046	-81.759	-30.395	-179.817	-179.084	-100.378	-69.753	-44.5	178.272	-172.087	175.68	179.935	-59.971	
65	-5.58129	-83.151	153.362	-176.768	-169.864	-95.402	22.066	-153.653	80.482	169.42	76.942	-81.579	-170.894	-86.547	-31.929	-175.281	-179.444	68.085	-159.853	163.286	-4.808	60.582	-176.511	177.267	59.606	
66	-5.54611	-167.784	-25.295	-174.843	55.653	-90.061	1.312	-86.304	64.375	-179.401	63.252	-101.556	177.236	-75.788	-32.403	-179.756	-179.568	-99.573	-75.077	132.58	-179.17	-173.163	-93.764	179.306	-59.679	
67	-5.49072	-78.014	155.073	178.22	-178.796	-101.448	2.583	-71.625	77.474	179.792	161.71	-53.846	179.538	-92.64	-24.531	178.471	-55.717	-62.889	50.849	-113.284	179.696	-58.368	-67.629	-178.793	-57.916	
68	-5.49054	-165.964	157.421	176.537	59.691	89.273	-8.248	54.516	-129.549	173.638	-109.615	13.639	-178.695	-87.176	-44.631	176.081	-178.248	80.999	-138.936	-42.048	176.565	-85.913	-73.16	177.469	-60.219	
69	-5.32901	-89.579	156.056	178.349	-178.198	-98.163	-176.701	79.978	34.91	-178.191	163.583	-57.317	175.177	-74.247	-33.42	179.047	177.35	-118.729	-162.479	175.985	-179.851	59.63	-175.606	178.835	-59.648	
70	-5.23911	177.039	-11.498	-179.459	-172.79	-97.971	179.268	95.321	-66.653	-178.9	-64.28	-49.958	-176.358	-89.891	-16.742	-178.837	-51.284	-49.644	-154.087	105.119	-177.914	-174.561	174.152	80.367	175.62	
71	-5.16202	-85.3	151.605	179.343	174.928	-107.894	2.935	-80.22	68.182	-179.679	-91.264	-11.739	-177.771	-138.591	20.235	-175.235	57.318	-84.708	-166.409	-13.266	178.84	56.071	179.417	179.356	61.485	
72	-5.06693	48.619	139.297	171.862	167.119	-122.875	-173.274	-98.884	-119.443	176.6	63.68	-107.687	178.249	-81.06	-27.9	-179.313	-56.082	-57.67	-80.93	133.915	-179.322	-173.591	176.37	178.919	-60.166	
73	-5.02926	-95.702	167.293	-179.146	66.659	-86.693	1.461	171.981	74.61	176.942	66.225	-97.333	177.525	-69.695	-28.24	176.726	72.034	-94.765	-81.404	133.066	-178.918	-173.64	179.041	176.351	-60.559	
74	-5.02836	-84.602	162.847	-176.922	56.907	90.613	-176.665	-76.006	84.417	176.421	-172.655	-128.83	-178.065	-62.57	-31.761	-177.98	175.073	-106.37	-147.846	114.653	-178.705	-175.793	172.411	78.34	-66.181	
75	-5.01799	-88.992	158.432	175.603	-175.15	78.369	1.113	65.168	-100.139	178.286	-68.013	-25.813	176.015	-119.032	45.708	176.555	-54.462	99.262	-71.852	-46.714	179.108	-169.292	71.425	179.557	-179.944	
76	-4.98102	-88.006	154.234	170.989	62.681	91.596	-3.094	68.42	15.887	179.74	70.576	17.557	178.784	-96.77	-33.552	-178.381	-53.276	131.764	-162.531	179.725	179.498	59.672	-174.435	87.063	179.829	
77	-4.93265	-89.615	104.615	172.674	169.099	-137.363	3.348	56.966	-136.379	173.496	-101.577	10.415	-177.705	-88.756	-30.449	175.855	-54.51	103.176	-150.832	139.46	-179.664	-170.684	175.819	179.76	179.965	
78	-4.90993	-38.794	-35.697	-178.32	-53.477	123.24	-179.898	-152.742	40.852	172.432	77.466	-75.33	-177.26	-77.649	-8.375	173.305	69.222	-96.691	-137.505	153.436	-175.972	56.294	175.187	-178.503	-179.624	
79	-4.59258	-159.292	-33.719	177.306	-61.437	-87.132	-179.885	80.166	-73.249	-172.747	-66.371	-44.388	-176.687	-68.789	-41.377	176.22	175.592	-128.828	-165.058	-18.291	179.551	60.254	-175.51	178.206	-63.572	
80	-4.57639	-37.475	-35.493	-178.805	-174.654	-90.871	1.031	-171.954	67.096	178.252	69.11	-90.51	-177.605	-92.44	-15.967	-179.256	71.882	-95.101	-70.454	-39.108	176.491	-67.066	-179.556	-177.284	-58.862	
81	-4.30158	-83.778	152.078	177.636	-62.209	114.659	179.808	-178.275	141.478	177.132	76.933	-76.082	-177.076	-76.744	-16.037	174.526	68.709	-96.2	-152.681	143.47	179.886	179.484	169.663	170.177	178.769	
82	-4.21413	-163.863	154.529	176.619	64.2	-87.967	7.314	65.134	27.297	178.528	72.967	-80.507	-171.173	-80.918	-33.279	-171.357	179.08	79.677	-83.727	5.615	179.614	-63.76	-178.594	-179.18	-59.914	
83	-4.11997	-78.259	159.03	177.454	-173.243	84.328	5.339	111.781	127.051	178.839	78.551	-76.307	-177.792	-75.558	-19.462	166.004	75.571	-92.718	-137.678	133.336	-178.604	-89.532	-178.006	-176.686	-179.603	
84	-4.08831	-111.666	95.258	175.388	-58.849	107.761	-179.628	64.894	-101.871	-178.337	-75.859	-27.177	-178.75	-81.615	-16.864	-178.839	-178.983	78.812	-65.319	128.538	-178.381	-169.672	176.174	-179.792	-179.974	
85	-4.04253	-76.41	93.739	-178.9	173.026	-124.036	142.722	-90.749	-15.524	-172.214	-84.538	63.451	-178.689	-72.712	-29.439	179.145	-62.279	110.723	-155.086	134.765	179.982	-169.428	70.511	-178.879	-179.847	
86	-3.78159	68.961	21.137	-177.156	-58.413	-72.173	1.321	84.781	93.494	-176.556	81.665	-68.051	175.274	-68.836	132.401	-177.683	175.229	-122.378	-87.565	-29.267	179.362	-64.678	-178.761	-179.535	59.902	
87	-3.70842	-88.246	104.12	172.887	169.493	42.28	-0.94	56.918	-136.453	173.25	-101.775	10.72	-177.59	-88.773	-30.364	175.58	-54.283	103.696	-150.345	136.149	-179.598	-168.176	70.939	-178.925	-179.854	
88	-3.6295	-85.459	130.407	172.877	52.779	93.96	-8.752	61.804	28.45	174.029	99.948	-16.029	-176.185	-72.809	-26.351	-178.135	-172.889	-93.722	-160.201	142.485	179.896	-175.158	168.925	75.836	172.754	
89	-3.59028	-38.438	-40.294	177.547	-178.791	-98.996	0.273	179.134	54.603	179.551	66.39	-95.816	-177.036	-94.415	-14.717	-177.634	71.246	-95.084	-71.36	-32.2	177.414	-66.893	179.466	-177.725	-59.073	
90	-2.99405	169.94	51.436	179.53	-60.842	118.56	179.548	69.996	37.494	-177.103	163.8	-57.347	170.307	-66.268	-36.475	176.108	174.178	75.944	-154.386	140.407	179.997	-167.322	70.957	-178.975	-179.866	
91	-2.76167	44.39	150.33	-175.55	56.882	-93.157	-178.47	-80.027	77.497	166.025	66.611	-94.102	-174.53	-80.052	-18.899	177.433	-59.205	-71.685	-59.924	129.467	-178.2	-174.765	176.196	178.727	-60.195	
92	-2.73299	-36.885	-33.432	179.764	-173.057	-91.773	4.849	-72.312	77.273	-179.607	175.89	-54.473	178.575	-142.428	27.237	179.33	-56.735	-79.908	49.234	-118.07	178.113	-61.897	-174.986	178.474	-60.217	
93	-2.66495	-84.126	146.832	-176.728	-69.957	-96.538	177.787	145.928	81.031	175.308	84.012	-63.773	-179.541	-65.788	-26.336	175.281	-61.039	-69.506	-148.948	141.996	-178.908	-169.414	179.455	-177.169	61.294	
94	-2.62169	75.07	2.645	-177.965	-173.186	69.908	-178.877	-140.372	176.769	-178.735	67.441	-100.241	174.613	-79.369	-31.337	-177.883	-179.188	-103.927	-95.926	175.999	178.744	-62.563	-177.234	-179.365	60.033	
95	-2.58747	78.453	-43.299	173.419	176.704	-132.366	16.863	79.786	26.158	172.288	62.871	-98.588	-177.48	-69.79	-26.549	-178.621	70.582	84.369	-72.775	146.088	179.507	-170.971	174.161	179.742	-60.022	
96	-1.95699	-85.673	158.83	170.081	67.563	92.431	-2.791	66.974	18.947	177.495	89.657	-8.876	-168.792	-86.419	-34.549	175.599	-50.468	133.111	-141.319	153.469	-179.812	-71.756	-168.235	85.721	179.562	
97	-1.40688	70.734	-4.741	-175.973	63.433	81.812	179.967	-164.769	44.669	173.613	63.919	-94.307	-177.237	-80.275	-21.542	178.177	-179.499	-106.285	53.823	43.974	-178.424	-59.814	178.488	-85.337	-60.239	
98	-1.38745	60.644	-0.172	-164.523	73.955	89.964	16.106	94.936	-162.913	-178.981	53.825	-108.731	169.005	-88.302	86.53	174.871	179.351	-115.928	55.214	-106.992	178.084	-58.584	179.847	-174.874	60.627	
99	2.26619	-156.613	-33.522	176.742	-51.183	-69.36	178.853	-162.542	-139.366	177.56	-59.403	128.146	-174.35	47.184	50.197	-177.999	-51.999	104.491	55.131	-100.727	177.201	-167.273	74.327	-177.74	-59.652	
100	75140.5	-154.337	-150.115	103.743	-163.422	5.63	-54.08	-154.043	88.943	-114.813	48.303	126.728	108.453	-92.7	-112.403	-145.818	-71.078	-69.608	-170.244	176.575	-179.863	-103.415	179.754	-178.87	-59.951	
