1	-11.7072	-83.468	155.816	-177.17	-173.2	79.374	-166.344	-154.336	86.016	168.501	82.928	-75.136	-169.977	-136.842	19.118	-174.114	58.851	-85.471	-163.456	160.958	-179.79	52.873	175.321	-179.876	-178.615	
2	-10.9641	-78.796	142.974	-167.847	-164.966	75.797	-159.628	-90.107	60.018	178.434	67.322	-89.183	175.444	-94.46	-31.36	-171.377	179.512	78.759	-88.683	145.042	178.966	-63.863	-178.338	-179.471	-59.953	
3	-10.8579	-78.963	141.141	-168.576	-168.314	70.451	177.519	-90.073	61.024	174.511	74.689	-77.176	-173.702	-127.482	13.663	-175.503	60.431	-87.65	-158.848	168.388	-179.349	53.187	173.775	-179.404	-58.594	
4	-10.2998	68.148	16.704	178.341	-170.238	64.602	-173.099	57.586	37.18	-179.443	81.547	-70.13	-172.962	-141.158	18.176	-168.089	57.731	93.919	-103.625	108.255	-179.522	-66.3	176.206	-174.339	-58.46	
5	-10.2926	-78.558	141.128	-167.475	-163.987	77.88	-157.449	-90.188	59.727	178.936	68.108	-87.819	174.654	-95.303	-30.4	-171.148	179.526	80.026	-84.119	139.073	178.648	-64.366	178.877	-83.286	-57.663	
6	-10.2817	-84.074	152.346	-179.093	179.361	-112.601	146.491	-159.255	69.111	177.464	66.246	-94.646	176.772	-77.75	-32.754	-177.107	178.974	80.224	-79.024	141.973	-178.848	-65.421	-179.208	-179.319	-59.935	
7	-10.2816	-81.995	145.18	-177.593	178.124	-119.541	155.66	-149.065	54.168	173.619	81.182	-70.958	-172.24	-118.091	12.874	-175.081	60.103	-90.012	-156.601	168.57	179.968	53.69	175.558	178.783	-58.423	
8	-10.2809	-84.043	152.304	-179.089	179.32	67.375	-33.485	-159.187	69.106	177.413	66.267	-94.667	176.763	-77.738	-32.744	-177.097	178.974	80.218	-79.034	141.847	-178.844	-65.411	-179.192	-179.377	-59.988	
9	-10.2795	-82.802	155.63	-177.665	-167.029	88.512	-144.126	-161.759	79.221	174.981	66.743	-96.356	178.297	-79.951	-27.25	179.361	72.416	-95.392	-76.931	126.772	-178.514	-173.61	177.826	81.849	-64.23	
10	-10.2474	-84.294	151.4	179.195	176.492	-108.726	149.161	-162.398	76.579	178.364	70.142	-91.471	178.132	-99.374	-14.506	175.543	72.887	-94.027	-74.603	132.485	-178.933	-64.831	-176.658	-177.151	-57.228	
11	-10.2427	-83.016	155.828	-177.879	-167.132	88.556	-144.261	-162.085	80.407	174.885	66.369	-97.061	177.319	-77.619	-33.112	179.165	-179.467	80.475	-71.26	127.422	-178.366	-174.28	177.397	82.13	-63.983	
12	-10.1959	-84.2	153.351	-179.898	179.082	-109.187	143.97	-161.94	72.759	177.789	65.815	-95.728	178.145	-79.941	-27.255	179.759	72.319	-95.423	-76.065	128.047	-178.837	-172.239	179.37	83.23	-62.805	
13	-10.1515	-82.402	154.257	-176.993	-167.466	87.277	-146.363	-158.008	78.665	173.845	66.734	-95.648	177.59	-77.816	-32.62	-176.98	178.983	80.206	-79.004	134.115	-178.4	-65.524	-179.249	-179.32	-59.931	
14	-10.1414	-82.36	153.663	-176.83	-167.528	87.599	-151.441	-159.938	81.721	174.871	72.524	-90.28	177.059	-102.524	-13.763	176.1	72.16	-93.72	-75.288	128.225	-178.576	-64.761	-176.686	-177.161	-177.203	
15	-10.1358	-84.27	153.771	179.939	178.821	-108.74	143.832	-162.792	74.24	177.835	65.357	-96.4	177.297	-77.889	-32.865	179.535	-179.408	80.372	-70.438	128.38	-178.676	-172.965	178.98	83.582	-62.627	
16	-10.1337	-84.081	152.034	-179.478	178.827	-111.272	146.351	-159.71	70.739	177.392	66.853	-94.693	177.676	-81.608	-26.9	-179.247	72.593	-95.335	-77.987	131.656	-178.919	-171.335	176.595	179.481	179.904	
17	-10.1243	-169.654	-27.996	178.18	-175.723	84.385	-154.408	79.442	-72.709	-174.791	141.442	-31.743	-179.417	-71.794	-20.361	176.211	70.336	-95.42	-65.92	135.355	-179.091	-69.967	-174.749	-171.07	-177.731	
18	-10.0692	-82.649	154.749	-177.056	-167.214	87.672	-146.441	-159.643	78.81	174.342	67.703	-95.038	178.045	-82.548	-26.775	-179.354	72.647	-95.319	-78.371	128.878	-178.546	-172.187	176.566	179.303	-60.116	
19	-10.0241	-84.275	152.77	-179.628	178.761	-110.693	145.787	-160.926	72.197	177.521	66.18	-96.044	176.781	-78.626	-32.568	-179.829	-179.326	80.503	-71.926	131.215	-178.741	-172.874	176.599	179.105	-60.149	
20	-9.97865	-83.056	154.37	-177.303	-173.182	81.019	-165.381	-154.033	87.302	169.255	81.785	-76.285	-173.836	-140.406	29.672	179.739	-55.752	101.306	-163.099	160.816	-179.82	52.179	173.801	179.83	-59.847	
21	-9.91412	179.358	-17.518	-178.291	178.944	-99.642	173.64	-59.721	-37.693	-178.814	-67.292	-39.744	179.749	-71.378	-38.445	-179.716	174.456	78.549	-160.596	122.059	-178.087	-174.956	175.125	179.373	-60.079	
22	-9.82545	-84.083	152.589	-179.342	179.036	-112.119	146.633	-160.177	70.486	177.372	66.548	-95.175	176.848	-78.491	-32.39	-177.045	179.362	80.434	-79.075	142.993	-178.878	-65.834	179.862	-84.074	-58.136	
23	-9.76841	-84.025	152.512	-179.038	179.298	-112.77	146.694	-159.471	69.217	177.366	66.24	-94.761	176.759	-77.584	-33.216	-176.774	178.584	81.166	-79.893	144.227	-178.872	-65.339	-71.277	179.428	-59.579	
24	-9.60712	177.799	-13.804	179.227	-177.397	-99.714	177.842	-59.353	-35.809	-179.635	-67.73	-39.516	179.846	-71.152	-38.47	177.872	177.699	83.11	-160.117	122.931	-177.971	-176.066	173.303	179.653	-60.056	
25	-9.437	-77.405	130.002	-172.201	-176.092	67.427	-158.198	-79.232	-35.238	-174.156	145.895	-39.695	175.932	-137.119	19.357	-172.919	58.612	-85.116	-164.468	155.647	-179.583	55.523	178.741	179.391	-58.609	
26	-9.43617	-81.712	141.257	179.785	176.418	63.673	-24.061	-146.37	59.523	174.728	81.454	-70.392	-175.317	-135.558	18.808	-173.618	58.758	-85.674	-162.864	-179.307	179.845	52.958	173.86	179.512	-178.892	
27	-9.41757	-81.526	151.206	177.441	-170.598	91.844	-3.537	-165.814	149.366	178.497	67.844	-92.139	-176.447	-146.997	21.923	-171.707	58.433	-84.093	-163.365	168.57	-179.743	55.006	178.633	176.1	-60	
28	-9.41244	-97.309	171.013	-178.389	65.866	94.066	179.215	-64.167	94.29	-177.124	153.582	-64.91	170.925	-76.308	-26.531	172.194	176.827	-121.514	-122.56	160.721	-179.273	-59.208	-175.311	-177.367	-57.774	
29	-9.40317	-174.116	-24.625	-179.617	178.817	-101.385	4.538	-60.553	-54.293	179.18	-83.085	59.962	-174.583	-173.972	-49.423	178.599	159.273	70.871	-153.945	125.708	-179.307	-175.485	174.357	177.124	-60.552	
30	-9.3679	-78.264	140.261	-164.708	-164.927	-103.33	28.76	-90.77	61.917	-178.893	71.544	-89.274	174.033	-107.726	-14.707	-178.27	70.702	-91.71	-79.245	129.496	177.256	-64.311	-177.754	-83.146	-55.909	
31	-9.32669	177.13	-11.482	177.974	-173.316	-102.038	2.035	-60.093	-35.652	179.727	-70.219	-37.605	-179.508	-72.605	-33.998	177.008	-179.603	-94.926	-154.331	121.36	-177.59	-171.905	174.137	-176.747	-60.383	
32	-9.29335	-175.978	-22.724	178.307	171.943	59.934	-151.695	88.326	32.17	171.042	75.609	-81.145	-178.496	-95.12	-36.908	-178.37	178.095	57.431	-163.664	159.288	-177.203	62.075	-173.539	178.667	-60.02	
33	-9.27373	-83.93	27.053	-178.362	-171.132	62.763	-174.346	53.217	37.585	-177.544	79.447	-71.529	-173.559	-140.556	18.187	-167.908	57.677	-86.212	-104.117	114.082	-179.92	-66.459	176.364	-174.498	-58.189	
34	-9.25948	179.592	-17.227	-178.987	-179.89	-99.517	172.989	-60.082	-37.94	-179.034	-67.813	-39.759	179.548	-70.6	-37.842	-179.307	173.524	78.247	-159.672	121.019	-177.954	-171.188	-179.252	-80.347	-54.833	
35	-9.25015	-82.139	154.003	-176.292	-169.662	83.418	-157.473	-153.61	78.553	169.055	77.274	-81.312	-169.761	-86.011	-31.374	-174.754	-179.416	68.205	-160.032	169.906	179.119	60.309	-177.094	177.333	179.638	
36	-9.24781	-179.955	-19.067	-177.893	175.861	80.541	-175.478	-62.523	-38.075	-178.743	-69.341	-39.642	179.952	-69.612	-43.571	177.548	173.988	-118.884	-142.709	114.198	-177.024	-81.02	-177.453	176.008	-62.069	
37	-9.24725	-163.607	-36.653	177.516	-172.894	90.56	-150.097	77.762	-74.889	-172.994	149.901	-34.354	174.102	-61.217	-29.229	-179.775	67.342	-95.055	-69.514	140.522	-179.481	-174.075	172.125	176.326	-60.545	
38	-9.22866	-179.671	-19.031	-178.051	177.568	-98.322	179.618	-62.159	-37.205	-178.826	-68.856	-39.797	179.932	-69.91	-44.542	176.991	173.714	-117.715	-142.791	115.793	-177.181	-80.854	-176.881	176.797	-61.844	
39	-9.21355	179.553	-17.436	-178.644	179.679	-98.783	173.792	-58.517	-40.509	-178.165	-68.743	-36.998	-178.886	-71.774	-39.543	-179.501	175.111	78.391	-160.926	-52.77	-179.388	-174.775	174.895	179.366	179.909	
40	-9.1263	-169.417	-31.18	175.89	168.25	67.283	-145.53	79.279	-68.701	-173.921	179.782	-43.329	173.303	-149.771	26.257	-171.28	56.568	-83.747	-114.998	159.821	-179.517	-60.935	-177.517	-176.732	-178.41	
41	-9.12286	-83.499	154.121	-177.953	-174.702	80.846	-165.952	-152.456	91.554	168.327	78.923	-77.53	-175.406	-139.301	30.526	-179.21	-55.903	101.304	-156.443	137.114	179.64	-172.244	175.283	179.814	179.961	
42	-9.11377	81.615	-8.016	-178.669	-173.101	77.67	-179.447	-65.197	-38.223	-179.837	-69.124	-37.706	178.729	-70.351	-38.379	178.347	177.242	83.419	-158.631	119.235	-177.788	-174.981	175.267	179.427	-60.09	
43	-9.1121	-74.946	116.735	-167.674	-171.429	66.43	168.969	-85.445	69.985	174.812	78.273	-68.451	177.752	-139.038	22.722	-172.486	60.501	-82.131	-129.65	123.968	-179.295	-60.991	-173.903	-81.973	-56.234	
44	-8.86441	-94.491	166.337	-178.395	62.629	-89.11	176.552	-63.601	93.673	-174.846	150.684	-40.877	171.798	-92.835	-33.763	178.605	173.07	-121.359	-160.828	176.327	179.816	59.422	-176.352	176.437	-61.924	
45	-8.83375	-94.642	166.594	-178.318	62.906	91.213	-177.446	-63.66	93.57	-174.88	150.912	-41.495	171.942	-92.227	-33.517	178.516	173.342	-120.971	-160.943	176.36	179.842	59.361	-176.376	176.367	-61.948	
46	-8.82416	-170.153	-36.668	-170.289	170.623	79.412	-174.621	-60.596	-39.975	-176.24	-67.702	-33.258	-175.98	-88.249	-27.481	-177.557	-60.234	100.815	-159.281	118.653	-178.232	-175.699	173.134	177.132	-60.542	
47	-8.78769	-84.463	151.743	179.034	177.43	-110.523	149.853	-161.883	73.909	179.374	69.339	-87.702	-179.713	-102.88	-13.673	-176.307	69.684	-94.227	-72.196	-45.479	178.435	-66.86	178.821	-177.555	-59.032	
48	-8.78278	176.21	-12.996	-179.563	-179.498	-103.1	175.878	-59.913	-35.154	179.779	-68.326	-40.175	-179.609	-71.869	-35.766	-178.667	179.277	88.646	-69.563	-41.828	178.299	-169.85	175.507	-179.09	-59.82	
49	-8.67209	-179.609	-19.513	-177.829	176.128	79.336	-176.06	-61.329	-41.538	-178.379	-72.306	-35.456	-178.386	-70.542	-42.084	179.062	175.414	-119.451	-142.899	-52.783	178.047	-82.163	-178.244	175.358	-62.362	
50	-8.65864	178.445	-15.15	-173.027	75.802	-81.465	-161.361	108.049	-150.897	174.459	61.16	-103.193	177.928	-65.607	-35.343	-178.731	177.766	79.02	-81.397	127.694	-178.311	-63.618	-179.678	-176.515	-59.811	
51	-8.63326	-148.086	178.094	178.314	71.886	-80.076	178.49	-64.795	91.34	-173.417	150.044	-49.604	168.802	-74.436	-31.141	173.95	174.543	-108.192	-153.168	178.722	-179.933	59.177	-177.969	176.853	-61.654	
52	-8.57791	-78.866	140.608	-168.874	-170.205	67.565	176.85	-89.218	64.551	173.951	73.211	-79.921	-174.69	-127.921	13.449	-178.592	60.854	-87.215	-160	174.423	-179.61	58.062	-177.498	-81.45	-55.953	
53	-8.52476	-179.559	-20.742	-177.26	171.071	-119.258	174.631	-59.44	-43.19	-178.31	-71.92	-36.582	-178.278	-69.993	-36.406	179.918	179.107	-97.356	-69.929	-42.862	178.237	-169.529	177.711	-177.055	-179.396	
54	-8.49282	-165.694	-26.32	-178.647	63.798	96.906	-4.749	150.546	148.933	175.358	73.59	-80.962	-173.897	-72.975	-36.791	179.358	177.975	-118.316	-161.305	168.942	179.487	62.561	-174.302	-179.814	58.881	
55	-8.48086	-167.776	-34.008	176.157	169.238	71.177	-145.153	78.932	-72.969	-173.716	-173.192	-50.122	178.047	-148.54	47.221	178.791	-60.02	-78.056	-160.341	-171.089	179.654	57.981	179.921	176.969	-62.586	
56	-8.47397	-175.561	-22.887	-173.673	71.93	97.609	158.49	121.221	-152.484	173.863	61.6	-101.474	177.955	-66.392	-35.015	-177.921	178.584	79.447	-81.304	127.467	-178.337	-62.885	-179.511	-177.461	-59.996	
57	-8.47194	-164.525	-39.169	-177.097	176.78	-93.418	-172.831	-63.271	148.443	-177.236	81.906	-61.977	175.395	-58.162	-38.326	179.424	171.439	72.919	-153.303	145.605	179.128	-168.845	173.261	-179.736	-59.233	
58	-8.46576	-164.714	-35.683	179.253	-173.606	89.629	-154.73	65.112	-93.77	176.767	-153.838	39.425	179.721	-62.722	154.079	175.655	176.318	79.041	-134.762	147.284	-179.376	-64.929	-175.023	-178.71	-60.17	
59	-8.39505	-177.472	-21.284	178.91	171.644	59.11	-152.645	88.222	27.403	171.376	77.402	-77.084	-176.631	-96.004	-38.793	-175.399	-57.616	-76.591	-160.167	143.381	-178.072	-170.933	174.464	-179.982	-60.027	
60	-8.39086	-171.508	-29.532	-174.793	66.965	-84.574	-175.581	136.382	-142.739	179.277	69.713	-94.623	-179.883	-101.171	-11.383	179.236	67.282	-95.765	-75.808	128.974	-178.678	-65.82	-174.668	177.834	61.12	
61	-8.36115	-155.531	153.465	179.967	65.513	98.594	-175.88	54.435	-128.513	171.329	-114.841	20.979	-175.843	-95.577	-41.072	176.995	-61.159	-84.916	-137.288	-33.933	175.668	-65.26	-173.769	-177.832	-60.071	
62	-8.34438	-84.286	151.87	178.97	176.665	-109.919	174.524	-169.098	66.191	-179.499	64.011	-97.488	176.724	-70.317	-33.964	-178.904	178.11	-100.255	-80.867	149.722	-179.061	-64.937	-178.908	-179.358	-59.939	
63	-8.26394	-171.527	-28.998	-178.402	63.061	95.886	171.639	137.88	-166.785	175.517	63.129	-96.606	-176.625	-84.801	-33.134	-177.187	179.731	60.248	-164.424	150.088	179.784	60.085	-174.359	177.818	179.359	
64	-8.24531	-176.904	-20.235	179.265	179.724	-101.051	150.038	-70.37	77.104	-174.809	155.251	-38.113	173.156	-78.12	-42.043	177.737	176.941	78.786	50.018	-109.722	177.607	-59.04	-66.093	-176.216	-57.094	
65	-8.23475	-170.132	-29.144	-178.426	55.773	-89.131	-1.516	141.065	-159.008	177.802	69.339	-87.499	178.653	-140.462	17.084	-171.704	58.386	-85.99	-164.844	121.689	179.489	-178.143	174.035	178.752	-60.174	
66	-8.22085	67.552	17.892	177.621	-171.042	65.765	-175.826	58.108	41.727	-178.481	76.862	-73.904	-178.855	-142.403	27.536	-174.554	-56.978	100.761	-91.888	108.641	-178.744	-170.199	177.54	179.746	-60.032	
67	-8.21973	-169.129	-32.675	177.175	169.016	70.084	-143.516	79.603	-71.973	-174.85	178.271	-48.912	179.977	-87.337	-49.69	-173.882	175.928	67.281	-163.89	-44.896	178.4	-171.967	175.456	179.957	-59.995	
68	-8.20972	-82.789	149.753	178.546	179.05	79.201	178.328	-170.766	46.892	174.877	78.179	-73.786	-178.278	-77.851	-8.57	173.492	68.677	-96.808	-138.676	166.387	-179.253	60.128	177.544	-179.739	-60.033	
69	-8.19444	-178.045	-14.744	172.523	57.76	-85.703	-7.671	94.578	-157.094	179.175	63.651	-94.767	178.907	-81.797	-31.938	-178.58	-179.148	77.961	-158.96	123.489	178.605	-173.216	176.128	179.639	-60.05	
70	-8.14435	177.7	-14.242	178.972	179.581	-105.686	175.213	-60.457	-34.931	179.387	-67.932	-39.411	-178.82	-72.859	-37.645	-177.689	178.13	87.383	-71.674	126.151	-178.358	-173.345	173.895	175.122	-61.496	
71	-8.12725	-84.187	154.615	-179.038	-178.349	75.441	-178.613	-169.974	71.883	-179.874	63.433	-100.873	178.614	-69.521	-28.277	178.025	71.853	-94.865	-78.564	132.807	-178.745	-173.202	176.637	178.392	-60.269	
72	-8.12686	-168.732	-34.067	-177.944	176.338	-96.78	-178.444	-63.202	-37.079	-179.749	-71.756	-34.152	-178.05	-74.066	-38.492	177.43	177.027	-120.357	-162.407	153.349	-179.013	63.152	-168.296	-75.614	-51.734	
73	-8.1133	-170.568	-34.536	-172.023	174.578	84.498	2.642	-63.955	-36.682	-176.972	-66.901	-34.675	-177.154	-87.075	-31.983	-178.728	-60.816	100.754	-138.497	105.404	-177.611	-66.413	-173.64	-178.051	-179.745	
74	-8.1016	-81.066	151.299	177.92	-167.417	92.461	-5.747	-162.838	149.715	179.909	63.319	-98.353	178.488	-143.664	32.353	-177.938	-57.426	100.68	-157.22	164.796	-179.708	56.778	178.988	179.28	179.988	
75	-8.07587	-168.97	-28.22	178.051	-174.071	78.679	-162.08	77.131	-82.271	-176.179	157.218	89.726	172.59	-148.851	166.289	177.753	64.991	-90.756	-155.773	137.255	179.951	-171.328	175.383	179.996	-60.008	
76	-7.99319	-84.407	151.071	179.039	177.602	-112.777	154.734	-163.392	70.963	-176.523	77.785	-68.498	174.689	-73.547	146.085	179.722	178.521	72.703	-82.344	116.585	-179.017	-67.084	179.747	-179.849	-60.005	
77	-7.95736	-81.569	146.707	178.785	-178.011	75.369	4.548	-168.854	150.759	-177.656	66.63	-90.345	179.2	-149.219	21.989	-171.522	58.482	-83.883	-164.565	157.328	179.952	54.831	178.764	177.331	-179.57	
78	-7.91733	-164.973	-41.325	178.135	174.989	-106.854	138.589	77.021	-75.538	-172.116	153.04	-36.323	176.304	-62.693	-29.046	-177.64	67.864	-94.939	-71.864	132.07	-178.378	-174.528	173.359	178.514	-60.244	
79	-7.89546	-84.12	152.394	178.569	179.125	-109.933	150.649	-165.382	71.3	-173.674	75.57	-68.185	171.297	-73.571	155.122	-179.352	-179.09	72.324	-58.762	120.898	-178.584	-173.712	175.558	179.876	-60.016	
80	-7.85833	174.201	-10.918	-169.456	74.54	-84.157	-162.003	106.326	-159.092	176.054	59.633	-107.674	178.868	-75.439	-34.431	-176.444	-179.198	80.695	-85.687	124.035	-178.702	-173.542	174.98	178.716	-60.196	
81	-7.82129	-167.406	-48.11	-167.212	167.744	78.487	-1.4	-62.504	-32.618	-177.543	-66.723	-30.409	-174.34	-93.479	-42.749	-176.768	-60.243	100.215	-166.186	162.927	179.315	52.505	176.155	170.705	178.37	
82	-7.76182	78.905	-3.697	-178.288	-173.289	76.173	-174.922	-64.464	-36.634	-179.809	-69.784	-36.326	179.893	-73.328	-38.13	-178.449	-177.814	92.527	-70.451	127.827	-178.307	-171.271	174.962	-179.417	-59.929	
83	-7.75306	-167.522	-31.149	-176.446	-176.744	91.775	-0.645	83.474	47.826	-179.704	177.478	-70.812	176.538	-77.899	-26.108	178.982	-56.954	-59.844	-160.397	175.147	179.603	56.441	178.834	178.478	-60.718	
84	-7.69753	-82.151	144.29	179.932	178.718	-108.725	144.079	-148.429	66.969	178.405	66.444	-93.084	176.813	-83.359	-29.972	-175.408	-179.981	80.223	-74.861	-43.222	173.011	-66.288	-179.731	-179.19	-59.914	
85	-7.68892	-169.421	-30.126	-178.389	176.669	81.057	-1.074	95.381	-161.138	-179.418	69.481	-84.856	177.855	-144.908	20.689	-173.841	59.26	-83.351	-167.527	-168.64	178.952	57.551	-179.401	-178.58	-174.028	
86	-7.68187	-82.358	144.528	179.874	178.366	-109.028	145.047	-149.106	67.283	178.026	67.287	-92.265	177.222	-87.08	-25.829	-177.034	71.956	-95.471	-74.944	-47.034	174.405	-170.584	176.813	179.684	-60.034	
87	-7.62372	176.024	-9.076	175.207	56.171	91.49	-10.668	75.186	-142.484	176.798	70.7	-79.143	178.152	-139.992	23.293	-179.877	56.679	-84.119	-66.3	-44.957	178.914	-170.769	175.241	-175.688	-59.341	
88	-7.60791	-159.926	156.212	175.655	59.159	87.807	-174.696	54.725	-119.391	175.548	-118.904	16.981	179.003	-84.218	-41.056	171.461	-172.295	-106.848	-163.695	-16.205	174.181	62.023	-173.951	172.954	-66.066	
89	-7.58657	-154.273	152.544	-179.55	65.011	100.534	-176.133	53.944	-129.976	171.517	-111.96	17.888	-175.706	-93.12	-30.414	177.323	-60.295	-83.505	-152.343	-36.653	175.897	-171.531	175.153	179.769	-60	
90	-7.5551	-167.634	-30.803	-177.694	-177.856	-100.034	1.555	-72.883	76.439	179.797	165.281	-61.92	-179.022	-97.522	-12.25	172.593	66.529	-95.952	52.925	-113.705	178.133	-57.934	-67.432	177.642	-59.034	
91	-7.38859	-176.07	-27.225	-172.879	170.214	55.842	-178.028	-59.424	-35.306	-178.108	-67.807	-33.015	-175.941	-90.711	-23.472	179.468	-63.969	95.311	-65.421	127.358	-178.379	-171.634	178.609	-176.962	-59.669	
92	-7.30294	179.466	-11.057	169.659	-178.038	53.918	-176.275	61.288	40.538	179.2	79.297	-68.557	179.222	-147.737	64.669	177.21	-62.956	-76.586	-148.51	104.909	-179.574	-172.719	176.395	179.773	-60.004	
93	-7.2308	-165.691	-37.056	-177.266	-178.882	-89.236	178.526	-76.7	75.179	-175.907	135.776	-43.387	175.458	-74.44	-24.819	171.982	-179.725	-121.681	-133.211	-6.862	179.919	-62.295	-170.47	-174.726	-176.38	
94	-7.02133	178.056	-9.949	173.606	64.331	98.751	-155.048	85.155	-158.677	-177.398	65.224	-104.898	174.464	-80.903	-27.275	177.874	-177.454	73.897	52.722	52.385	-177.682	-157.522	179.406	-179.026	-59.897	
95	-6.85834	-163.704	-38.327	179.21	-178.234	-87.584	0.327	-160.595	63.117	177.856	65.518	-98.055	177.31	-70.74	-27.886	178.534	72.539	-94.701	-82.116	-39.533	168.395	-169.701	171.298	174.873	-60.254	
96	-6.56517	-83.025	159.459	177.3	-172.044	-94.463	-176.214	103.682	140.187	179.744	77.077	-74.453	-176.797	-80.357	-15.846	173.487	71.309	-95.257	-151.981	128.725	179.996	-170.581	-177.53	178.657	179.814	
97	-6.52548	-84.185	151.021	178.859	177.654	73.598	178.629	-165.712	73.212	-177.757	66.38	-93.714	-178.517	-93.807	-15.556	-179.882	72.13	-94.927	-71.365	-43.735	176.822	-66.456	-179.639	-177.575	-58.608	
98	-6.51254	-171.829	-19.401	168.739	-171.135	-123.157	1.261	58.835	46.547	-179.662	81.72	-73.22	-177.128	-154.371	62.735	171.863	-65.458	-75.419	-161.644	-169.159	179.696	57.477	177.442	178.499	176.832	
99	-6.46884	-166.189	-36.246	-179.609	-179.508	-93.371	179.174	-167.841	66.524	175.577	64.777	-96.868	175.344	-63.055	-35.52	177.213	177.034	79.46	-79.727	-40.235	167.42	-65.228	-178.648	-179.338	-59.944	
100	-5.78305	-133.65	159.274	175.02	-179.45	75.71	178.006	79.609	-78.856	177.521	-75.354	-31.469	-179.91	-73.821	-36.66	-179.349	177.5	-122.396	-163.118	-23.974	177.74	61.42	-172.4	-179.896	-57.278	
