1	-10.2474	-84.294	151.4	179.195	176.492	-108.726	149.161	-162.398	76.579	178.364	70.142	-91.471	178.132	-99.374	-14.506	175.543	72.887	-94.027	-74.603	132.485	-178.933	-64.831	-176.658	-177.151	-57.228	
2	-10.1337	-84.081	152.034	-179.478	178.827	-111.272	146.351	-159.71	70.739	177.392	66.853	-94.693	177.676	-81.608	-26.9	-179.247	72.593	-95.335	-77.987	131.656	-178.919	-171.335	176.595	179.481	179.904	
3	-9.99138	-83.209	155.204	-177.306	-167.185	87.859	-145.492	-160.514	79.636	174.519	66.96	-96.553	177.033	-78.765	-32.775	179.847	-179.278	-99.502	-72.222	129.113	-178.391	-173.757	176.564	178.891	179.812	
4	-9.82542	-84.15	152.63	-179.316	179.019	-112.023	146.613	-160.273	70.558	177.411	66.552	-95.206	176.851	-78.545	-32.362	-177.05	179.363	80.451	-79.054	143.165	-178.884	-65.829	179.869	-84.063	-58.148	
5	-9.81089	-84.006	151.77	-179.605	178.505	-111.821	147.94	-159.771	70.721	177.735	67.647	-91.411	177.676	-86.622	-27.268	-179.136	-58.123	-72.847	-78.694	141.512	-178.947	-65.33	-179.399	-179.165	60.077	
6	-9.72692	-82.423	153.861	-177.827	-168.036	-91.78	28.138	-160.271	84.755	173.873	71.904	-91.684	178.751	-102.104	-12.76	176.277	71.513	-92.874	-82.09	132.166	-178.711	-64.2	-176.802	-85.578	61.56	
7	-9.14515	53.339	151.366	-178.835	178.513	67.752	-32.856	-158.06	69.38	177.169	66.394	-94.462	176.753	-78.022	-33.113	-176.639	178.603	-98.834	-79.865	144.032	-178.96	-65.335	-71.281	179.354	60.406	
8	-8.0118	-81.796	145.253	-177.71	178.449	-119.083	154.62	-148.986	55.07	173.401	79.504	-75.27	-171.309	-75.165	-31.91	-177.339	-59.832	108.355	-161.684	167.869	179.24	57.806	-179.128	179.196	-60.053	
9	-7.91733	-75.624	107.791	-173.286	178.209	-102.99	36.149	-93.604	66.505	169.943	80.207	-70.35	-177.838	-89.079	-38.117	-172.532	178.07	-111.145	-158.519	148.894	175.662	-171.65	172.385	-179.99	179.989	
10	-7.75372	-84.363	151.649	179.321	177.501	-105.365	1.052	-166.504	76.586	-179.07	67.488	-95.907	179.808	-92.618	-15.038	173.653	74.466	-94.386	-74.907	133.366	-178.847	-64.736	-175.925	-176.917	-56.797	
11	-7.65961	-84.216	153.622	-179.441	-179.807	72.144	-179.913	-167.139	71.019	-179.669	63.979	-99.582	177.422	-70.07	-33.602	-178.557	178.366	-99.741	-79.449	146.949	-178.796	-66.112	179.938	-84.723	61.167	
12	-7.6069	-174.209	-22.513	179.628	55.627	88.263	4.333	-128.821	54.858	178.319	67.402	-93.531	178.018	-83.454	-27.104	-178.644	-58.61	-72.154	-82.566	120.8	-177.681	-64.127	-178.441	-179.278	-59.935	
13	-7.51154	81.235	-9.927	177.23	174.436	59.924	-147.164	75.401	28.626	172.602	77.573	-76.545	-176.186	-92.715	-42.487	-175.323	177.208	-108.633	-162.901	142.056	-177.422	-171.51	174.202	-179.874	-59.994	
14	-7.34715	-77.644	143.776	-179.1	174.664	61.752	-177.987	-63.694	147.489	-177.308	88.557	-60.898	170.662	-63.135	-31.083	169.077	175.632	-122.34	-120.708	150.726	-179.153	-59.166	-175.679	-174.283	-57.156	
15	-7.04729	-80.997	145.809	178.238	-166.814	95.68	-151.049	-159.548	83.65	-171.393	80.9	-55.006	168.761	-127.948	167.489	-178.924	58.373	-89.893	-78.884	-61.04	179.7	-171.151	176.079	-179.715	-59.983	
16	-6.90901	68.925	15.327	178.467	-169.528	-111.181	7.137	59.195	39.919	-179.313	78.347	-70.968	-177.715	-144.286	22.691	-169.789	56.935	95.412	-89.264	-61.668	-177.471	-170.279	177.391	179.824	-60.014	
17	-6.82631	175.533	-8.418	176.047	62.199	-84.992	-166.639	81.673	-143.211	179.869	65.964	-98.264	177.137	-86.35	-27.064	179.813	-58.286	107.144	-74.836	128.87	-178.608	-172.731	177.177	179.513	179.947	
18	-6.64461	-166.871	-31.538	-178.012	178.528	84.287	-178.75	-175.275	72.272	173.783	66.067	-98.511	175.97	-64.996	-34.708	177.582	177.704	-100.226	-82.752	145.019	-179.581	-63.645	-174.466	-80.249	64.578	
19	-6.53062	-86.483	26.753	-174.965	49.5	-90.888	2.768	85.312	153.3	179.642	75.348	-75.339	-177.252	-71.975	-37.04	179.188	177.855	-120.328	-161.879	161.643	179.735	61.258	-175.035	175.511	175.892	
20	-6.52537	-84.248	151.021	178.844	177.663	73.606	178.642	-165.719	73.243	-177.766	66.39	-93.66	-178.494	-93.885	-15.55	-179.864	72.153	-94.917	-71.397	-43.632	176.792	-66.456	-179.65	-177.695	-58.539	
21	-6.52081	-78.184	141.405	-168.106	-162.45	77.9	-4.299	-90.62	58.964	178.771	67.678	-88.199	176.023	-95.346	-28.219	-172.583	179.919	78.999	-87.144	138.673	178.2	-64.686	179.168	82.981	-63.016	
22	-6.31797	-85.223	149.835	179.793	179.671	-103.423	-1.708	-169.031	46.926	174.732	77.635	-75.08	-177.753	-79.822	-7.727	174.401	68.989	-96.422	-138.461	167.267	-178.941	56.908	173.64	-87.544	-60.696	
23	-6.26319	-48.929	-50.608	179.84	-179.755	-94.583	4.291	-70.45	-35.287	178.302	-75.908	-34.149	-179.831	-69.903	-40.548	175.802	179.58	-108.351	-85.534	-5.826	-179.705	-67.071	-177.665	175.014	-60.416	
24	-6.17922	-83.958	153.161	176.335	-179.753	-98.787	171.798	-178.214	64.064	-165.483	81.503	-64.84	168.065	-60.143	153.951	-177.48	63.546	-99.175	-71.337	118.907	-178.305	-173.156	173.475	81.308	-63.465	
25	-6.12481	-85.683	155.683	-179.875	174.791	-111.906	157.008	-171.259	79.329	-178.543	77.653	-72.522	177.511	-141.824	21.573	-176.586	56.831	-85.09	-79.017	-44.423	179.599	-169.179	177.82	179.539	-60.045	
26	-5.92717	-37.815	-36.115	-177.953	-177.54	-96.1	178.825	-168.132	76.852	177.732	68.885	-94.188	-179.833	-92.848	-15.394	175.133	73.867	-94.537	-73.698	132.303	-178.856	-65.375	-176.703	-177.078	-57.296	
27	-5.88616	82.113	-31.524	-178.625	-173.658	-87.673	177.859	83.964	46.401	178.579	175.228	-75.078	176.912	-69.494	-30.518	-179.76	177.232	-115.889	-162.771	168.367	179.53	59.662	-175.204	177.075	-60.914	
28	-5.86409	-159.842	-40.013	175.455	-63.471	-64.383	-0.829	59.336	-106.48	-173.108	-73.495	-25.305	-177.619	-72.083	-22.318	169.772	-176.653	-112.555	-134.258	82.848	-177.851	-66.857	-175.733	-172.447	-58.32	
29	-5.86275	-37.29	-39.397	-177.754	-175.719	-88.458	-0.685	-75.238	77.331	-176.529	133.719	-42.809	175.981	-75.366	-24.442	172.65	-179.735	-121.892	-133.084	164.268	-179.534	-62.406	-170.574	-175.007	-56.407	
30	-5.72854	-165.702	-27.849	177.719	-63.572	-76.491	0.264	83.009	-72.565	-176.155	-66.704	-50.975	-179.676	-74.852	-30.22	-179.694	176.904	-105.817	-158.142	116.146	-177.882	-170.478	70.972	-179.071	-59.866	
31	-5.58484	69.568	11.415	-176.617	-169.705	68.847	-5.011	-63.41	-28.384	179.12	-62.82	-25.82	-178.87	-113.136	19.417	-178.071	-53.772	-79.599	-160.821	101.195	-178.94	-170.967	71.274	-179.4	60.057	
32	-5.54609	-167.697	-25.357	-174.836	55.677	-90.045	1.304	-86.258	64.372	-179.375	63.225	-101.523	177.253	-75.848	-32.392	-179.778	-179.599	-99.57	-75.044	132.527	-179.157	-173.122	-93.724	179.303	-59.688	
33	-5.49503	-37.697	-40.019	-178.265	-175.034	-95.125	-0.155	-64.297	107.292	-178.141	75.863	39.974	-179.426	-155.564	-49.385	175.277	173.48	-122.704	-135.937	-5.773	177.848	-78.366	179.644	174.495	-62.455	
34	-5.32895	-89.609	156.038	178.36	-178.201	-98.125	-176.825	79.986	35.03	-178.181	163.411	-57.328	175.174	-74.22	-33.435	179.034	177.364	-118.728	-162.48	176.009	-179.861	59.642	-175.593	178.819	-59.62	
35	-5.27898	-84.065	145.545	176.2	174.889	-100.542	151.336	-160.07	77.372	-169.701	83.38	-55.277	172.558	-136.51	176.413	172.883	64.534	-86.666	-152.744	133.141	179.893	-169.222	70.447	179.233	-60.158	
36	-5.26561	-168.763	-32.286	-179.879	175.752	-107.991	1.062	78.079	-74.27	-179.288	64.609	-99.09	176.342	-74.157	-33.368	-177.38	179.03	-100.933	-86.417	133.157	-178.505	-64.147	-178.287	-179.38	60.048	
37	-5.1759	-37.794	-42.297	-174.498	-176.696	-87.085	2.753	-71.77	90.971	-178.874	149.904	-61.309	171.433	-70.213	-30.906	173.302	177.662	-119.822	-134.767	175.409	-179.545	-70.938	177.991	82.509	-62.499	
38	-5.14308	-84.003	156.204	-179.523	-166.403	86.167	-155.854	-165.983	84.89	-177.992	77.762	-65.654	170.723	-123.328	-48.536	175.654	-61.028	98.326	-137.486	-37.392	179.15	-66.217	-174.31	-179.468	-59.923	
39	-5.03355	-83.244	154.82	175.586	-60.741	101.13	-0.157	-76.736	72.634	-174.364	77.805	-69.405	176.179	-143.016	18.926	-168.024	60.104	-83.793	-116.92	124.269	179.864	-62.644	-179.188	84.996	58.786	
40	-5.0285	-91.406	38.339	-171.87	-59.077	-76.264	179.927	-59.532	-35.383	-176.231	-68.124	-33.602	-173.521	-89.138	-34.463	-177.919	-61.441	102.309	-160.68	156.535	-179.165	55.261	179.312	177.544	178.472	
41	-5.01797	-88.993	158.442	175.597	-175.134	78.334	1.102	65.168	-100.157	178.284	-68.005	-25.817	176.031	-119.018	45.671	176.548	-54.447	99.27	-71.828	-46.662	179.108	-169.287	71.409	179.547	-179.941	
42	-4.98452	-156.954	-36.975	177.531	176.313	78.785	-1.04	-177.488	139.375	178.838	78.052	-75.034	-176.387	-74.829	-20.946	172.373	69.058	-96.231	-157.537	127.578	179.666	-176.072	174.974	179.534	179.925	
43	-4.90993	-38.794	-35.697	-178.32	-53.477	123.24	-179.898	-152.742	40.852	172.432	77.466	-75.33	-177.26	-77.649	-8.375	173.305	69.222	-96.691	-137.505	153.436	-175.972	56.294	175.187	-178.503	-179.624	
44	-4.87916	-95.828	167.299	-179.393	66.654	-86.699	1.447	172.62	75.173	177.018	66.277	-96.892	176.361	-68.717	-35.007	177.108	179.188	80.318	-74.515	133.532	-178.761	-174.326	179.069	176.375	-60.522	
45	-4.76464	-160.247	-33.871	176.643	-61.773	-79.281	-179.847	-161.093	63.262	177.374	66.541	-94.095	177.165	-76.611	-29.718	177.093	-60.212	108.883	-75.076	-43.567	170.419	-170.135	174.657	84.788	-58.841	
46	-4.75314	-82.809	22.363	-170.059	-166.273	-113.128	176.463	-68.801	-33.849	-177.42	-64.879	-32.91	-179.648	-86.193	-40.411	178.089	-63.024	-81.133	-158.061	122.55	-178.955	-170.853	-92.635	178.442	59.8	
47	-4.59248	-159.245	-33.753	177.317	-61.433	-87.167	-179.901	80.158	-73.287	-172.73	-66.33	-44.335	-176.705	-68.823	-41.419	176.252	175.525	-128.919	-165.006	-18.334	179.557	60.24	-175.559	178.224	-63.561	
48	-4.57638	-37.477	-35.513	-178.831	-174.654	-90.844	1.034	-171.904	67.021	178.242	69.128	-90.452	-177.606	-92.463	-15.974	-179.32	71.886	-95.074	-70.464	-39.078	176.508	-67.033	-179.52	-177.308	-58.821	
49	-4.52019	-174.381	-23.218	179.871	64.014	-85.246	176.789	77.808	-73.968	179.431	-153.963	128.06	-178.908	-76.894	76.23	179.226	-62.243	118.09	-69.497	131.114	-179.02	-172.146	175.753	179.904	179.993	
50	-4.37164	-161.588	-35.537	179.21	-66.737	-82.209	-0.15	79.892	-72.583	-177.08	-139.217	38.742	175.77	-144.797	61.959	-179.77	-63.653	-72.58	-159.879	165.345	179.995	52.483	173.94	172.014	-61.257	
51	-4.30158	-83.778	152.078	177.636	-62.209	114.659	179.808	-178.275	141.478	177.132	76.933	-76.082	-177.076	-76.744	-16.037	174.526	68.709	-96.2	-152.681	143.47	179.886	179.484	169.663	170.177	178.769	
52	-4.24992	52.886	14.462	-176.47	58.73	89.505	-156.799	75.951	-166.193	177.6	65.911	-105.691	-179.075	-97.434	-11.461	-176.229	-177.806	-108.36	50.684	-147.1	178.458	-54.26	100.786	-179.39	-55.812	
53	-4.24543	174.146	-6.071	175.666	59.719	-85.158	-0.639	135.085	-24.854	-178.399	80.212	-70.543	179.283	-76.955	-22.54	-175.66	68.661	-97.624	-69.005	119.54	-178.36	-172.469	175.934	179.641	-60.049	
54	-4.08635	86.619	-35.401	179.403	-179.083	68.619	-178.838	69.913	-152.129	177.71	65.37	-99.577	179.1	-85.964	-27.514	-176.934	-58.638	-70.451	-88.986	139.477	-178.761	-63.713	-176.681	-172.928	61.118	
55	-4.05326	-93.173	150.461	-175.272	55.933	-89.334	-178.612	-81.243	74.413	167.297	71.359	-86.398	-172.008	-88.011	-14.437	-178.354	-57.472	-73.697	-69.323	142.177	-178.493	-68.058	178.974	-176.686	-59.562	
56	-3.99297	-85.913	34.915	179.212	-57.282	102.111	-179.943	-79.682	71.866	-178.236	65.756	-93.936	177.693	-81.67	-29.724	-174.808	-179.683	81.622	-86.223	74.167	-179.461	-64.625	-71.383	-178.683	61.029	
57	-3.95436	-65.161	156.118	175.503	-179.464	76.266	1.47	55.862	-124.491	175.865	-110.455	12.972	-178.117	-89.335	-35.347	174.92	-49.392	120.954	-156.131	-44.685	176.509	-168.729	70.988	-178.875	-179.838	
58	-3.9334	-86.742	155.15	178.951	177.629	68.954	-179.886	-172.437	75.072	-175.563	74.56	-74.072	175.584	-96.184	-44.978	-177.305	-59.564	102.937	-166.387	-14.75	-179.31	57.547	-179.069	179.074	-60.073	
59	-3.70842	-88.246	104.12	172.887	169.493	42.28	-0.94	56.918	-136.453	173.25	-101.775	10.72	-177.59	-88.773	-30.364	175.58	-54.283	103.696	-150.345	136.149	-179.598	-168.176	70.939	-178.925	-179.854	
60	-3.11878	-93.659	147.248	-171.547	61.833	94.994	0.948	-89.598	63.719	179.535	80.604	-69.967	-176.286	-147.612	45.298	174.311	-58.406	-78.913	-160.941	-16.201	176.321	55.549	177.161	-179.682	-59.451	
61	-2.99405	169.94	51.436	179.53	-60.842	118.56	179.548	69.996	37.494	-177.103	163.8	-57.347	170.307	-66.268	-36.475	176.108	174.178	75.944	-154.386	140.407	179.997	-167.322	70.957	-178.975	-179.866	
62	-2.80206	-163.422	-35.369	-174.146	-62.594	-75.688	-0.415	73.677	-79.564	177.21	-83.427	65.393	-175.46	-77.163	-30.336	-178.506	-176.284	-113.259	-162.531	-10.179	179.961	58.575	-176.999	177.041	-60.416	
63	-2.79778	87.294	-36.731	178.756	-178.663	-97.376	179.288	-171.145	54.361	177.472	64.299	-98.541	176.609	-67.746	-34.266	179.743	177.844	-99.156	-80.979	-21.795	170.854	-64.675	-71.026	-179.174	60.662	
64	-2.6649	-84.417	146.936	-176.735	-69.982	-96.596	177.791	145.808	81.094	175.327	84.008	-63.794	-179.538	-65.745	-26.398	175.297	-61.069	-69.543	-148.942	141.981	-178.932	-169.4	179.49	-177.134	61.31	
65	-2.62168	75.055	2.661	-177.959	-173.144	69.89	-178.877	-140.366	176.768	-178.737	67.442	-100.239	174.614	-79.373	-31.337	-177.884	-179.181	-103.928	-95.925	175.963	178.724	-62.561	-177.227	-179.362	60.028	
66	-2.58747	78.453	-43.299	173.419	176.704	-132.366	16.863	79.786	26.158	172.288	62.871	-98.588	-177.48	-69.79	-26.549	-178.621	70.582	84.369	-72.775	146.088	179.507	-170.971	174.161	179.742	-60.022	
67	-2.58053	65.311	29.312	-176.298	-57.414	-69.563	-0.044	141.79	-27.494	-178.563	97.597	-55.73	162.468	-62.469	-21.01	167.356	64.728	82.618	-126.144	138.138	-178.479	-170.971	-179.186	175.719	-60.602	
68	-2.559	-83.18	157.779	-176.132	-63.267	108.149	1.33	-83.269	72.746	175.822	89.149	-68.459	176.598	-57.274	155.857	-169.027	64.838	-97.06	46.813	57.11	-176.384	-68.639	169.189	77.48	55.368	
69	-2.53791	-82.334	150.988	176.511	-63.889	100.673	179.06	-82.26	67.064	-173.408	88.259	-55.956	176.715	-152.104	-50.954	175.549	172.38	75.961	-58.018	150.694	-179.095	69.543	-167.528	178.88	59.492	
70	-2.49162	-90.826	37.346	-175.838	-61.879	110.095	-179.728	-67.763	94.587	177.278	85.484	14.592	179.72	-86.824	-35.864	-176.078	-178.969	84.468	-80.814	134.301	-178.566	-64.819	-72.15	178.674	59.88	
71	-2.48359	72.673	12.658	178.931	-58.998	-80.058	-178.755	76.947	50.553	177.419	71.317	50.96	-177.9	-155.74	161.544	-179.935	-177.263	-112.406	-57.319	-48.835	178.659	-173.883	175.327	179.77	179.99	
72	-2.39941	-94.424	165.073	178.403	58.56	84.996	-1.861	-174.594	167.078	176.409	75.686	-78.452	-177.772	-74.925	-22.674	174.842	-179.324	-120.058	-131.221	159.886	-179.083	-68.536	-177.197	-178.453	-58.134	
73	-2.25011	67.324	59.533	172.001	-63.606	103.116	0.632	69.694	15.208	179.348	70.138	18.895	178.071	-93.788	-28.295	177.264	-53.699	134.861	-161.861	2.567	177.741	59.589	-178.009	-176.856	-178.396	
74	-2.10447	-88.692	166.591	173.989	-65.396	104.8	-179.678	-157.341	136.861	-175.935	77.912	-65.287	173.651	-54.819	-41.66	-179.906	169.601	-106.348	-158.718	144.931	179.514	-173.548	174.429	179.176	179.888	
75	-2.09887	-79.5	134.895	175.663	170.063	-118.62	-0.077	56.373	33.877	179.727	77.444	-74.516	-166.543	-89.148	-30.534	-169.899	-56.607	105.301	-88.261	179.579	-179.79	-60.811	-177.225	-79.371	-174.122	
76	-2.09826	-57.303	70.863	179.707	-58.394	-70.713	177.103	73.141	45.614	179.497	76.64	42.749	178.159	-151.309	146.738	-175.788	178.817	68.863	-69.682	-48.778	178.87	-171.409	69.827	-178.642	-179.79	
77	-2.08165	-157.694	152.917	-173.886	53.582	87.727	-1.44	-86.321	72.132	175.324	80.625	-67.741	-179.185	-77.602	156.577	178.785	-58.563	-71.552	52.774	57.474	178.762	-59.766	-179.472	-83.392	62.193	
78	-1.98733	-88.839	29.112	-173.58	57.313	96.836	-1.11	153.198	-36.965	-178.258	90.162	25.64	175.75	-156.916	162.819	-177.883	51.682	-97.183	-68.253	-62.802	179.172	-70.481	-73.436	178.841	-60.146	
79	-1.86515	-83.756	156.795	176.931	-62.885	93.232	179.799	-82.718	61.736	-166.715	78.849	-73.761	-178.759	-149.716	52.73	174.077	-60.224	-78.73	-159.514	-21.649	176.053	59.522	-178.041	-178.31	58.368	
80	-1.74037	-83.149	152.396	175.907	-64.679	-81.369	179.827	-78.615	71.592	-175.985	84.409	-77.937	-176.809	-147.07	34.044	178.863	-57.787	-79.156	-163.392	162.562	-179.952	62.212	95.423	178.427	58.291	
81	-1.60749	-87.083	44.409	179.148	-57.415	100.782	179.876	-139.561	38.927	175.851	79.379	-72.224	-175.551	-104.285	18.297	-177.493	-53.845	-77.776	-160.856	164.96	-179.869	61.219	-170.918	86.517	59.807	
82	-1.57862	-89.47	36.637	-176.826	-56.69	-78.533	-0.438	64.24	37.941	-177.704	70.003	-89.341	-178.783	-90.778	-36.709	-178.423	178.808	57.943	-164.188	155.994	-178.7	62.045	-173.236	178.754	179.984	
83	-1.51346	66.603	61.662	-179.423	-59.5	-72.978	0.085	91.06	27.4	169.98	82.502	-72.806	-174.895	-59.733	-45.394	177.197	175.901	79.072	-89.344	136.07	-178.654	-174.543	178.03	176.038	-60.611	
84	-1.40688	70.734	-4.741	-175.973	63.433	81.812	179.967	-164.769	44.669	173.613	63.919	-94.307	-177.237	-80.275	-21.542	178.177	-179.499	-106.285	53.823	43.974	-178.424	-59.814	178.488	-85.337	-60.239	
85	-1.21591	88.271	-23.527	-175.938	-174.723	-91.662	178.828	74.763	45.884	179.226	-174.538	-63.386	175.896	-77.99	-35.122	177.487	-55.648	123.945	-76.155	127.799	-178.568	-170.463	-178.216	-80.347	65.361	
86	-1.09768	52.587	16.068	-177.802	58.227	89.558	15.523	77.088	-170.667	-177.984	64.79	-106.783	176.747	-90.296	-21.954	-178.174	-56.719	-74.056	56.359	-155.985	178.981	-147.958	-179.348	-178.714	60.006	
87	-0.985037	-96.9	146.419	176.139	-59.493	98.616	179.803	69.855	24.444	174.944	101.554	-20.743	-175.068	-70.307	-32.538	-178.285	178.317	-104.945	-158.087	-40.344	179.931	-169.037	178.105	-82.146	63.613	
88	-0.514286	-113.911	94.962	175.165	-58.721	107.402	-179.652	65.253	-101.13	-178.53	-76.267	-27.208	-178.836	-81.261	-17.217	-179.376	-178.914	-101.177	-65.571	129.141	-178.649	-170.743	-93.944	-83.206	179.944	
89	-0.127468	-39.374	-31.958	-179.005	-53.757	121.573	-179.438	-146.264	57.621	175.779	75.639	-80.797	-177.05	-86.037	-45.514	177.982	-59.092	106.009	-81.437	148.274	-174.915	74.633	-164.407	85.949	60.682	
90	0.34814	-85.482	151.731	175.715	172.596	-106.617	3.1	-74.47	81.373	178.293	-56.715	109.705	-175.707	48.815	44.709	-179.991	-165.466	65.229	-151.559	-40.716	179.062	-171.554	175.829	179.709	179.98	
91	0.63905	-104.37	174.91	173.659	67.069	96.017	-1.261	93.023	13.298	173.338	88.602	-58.291	177.235	-60.326	-29.377	169.884	-62.219	110.75	-129.377	170.123	-179.047	-65.034	-176.202	84.154	178.011	
92	1.18252	64.757	1.475	-175.377	60.27	82.591	179.264	-171.094	51.372	171.431	68.874	-87.373	-176.876	-95.391	-11.671	-177.048	-177.287	-106.425	52.562	-145.363	179.036	-55.934	101.557	-176.935	-58.646	
93	1.68231	-103.584	166.127	175.911	65.423	93.03	-1.549	-170.276	47.201	-173.986	66.177	-95.586	172.588	-84.718	-30.522	179.579	-58.924	-72.466	56.522	-154.239	178.826	-147.331	-176.619	-176.126	60.336	
94	2.26623	-156.619	-33.519	176.745	-51.176	-69.359	178.854	-162.553	-139.353	177.557	-59.408	128.147	-174.355	47.179	50.203	-178	-52	104.476	55.135	-100.726	177.188	-167.275	74.323	-177.727	60.36	
95	2.64767	-84.225	159.184	-178.16	-60.357	-80.614	0.48	162.586	-38.241	-172.599	-61.013	-28.13	-178.082	-63.325	-27.275	-177.835	72.508	-96.237	-77.679	126.145	-178.601	-167.231	72.004	-179.205	-59.896	
96	2.6621	-171.46	-26.275	175.532	174.532	-124.535	178.4	77.275	23.078	178.044	-106.5	33.784	179.609	-166.461	-40.122	171.894	56.855	-85.6	-155.578	138.259	-179.942	-170.284	176.782	-84.212	-58.335	
97	10.1919	74.681	8.52	179.621	-54.498	-74.287	178.215	163.667	-55.508	-178.627	-76.726	79.974	176.33	76.28	-53.614	170.517	-149.553	91.544	-58.098	-41.92	176.14	-174.116	179.963	172.631	178.198	
98	10.3312	60.041	5.05	-174.874	56.835	83.46	-2.776	60.088	-98.904	173.947	-146.499	31.968	-178.184	55.634	-173.982	174.66	-45.148	-68.604	55.078	64.778	-1.035	-162.316	74.076	85.304	-60.733	
99	12.3705	82.708	-7.066	174.199	-58.358	106.957	0.05	-58.971	-84.423	16.628	162.069	-50.77	-179.893	-139.191	35.878	-172.852	-51.601	97.446	-159.956	165.563	179.813	57.692	-176.763	174.084	178.889	
100	86151.5	-79.732	-142.999	96.033	-168.208	3.66	-99.158	-158.588	93.051	-110.753	44.42	127.195	97.569	55.7	-121.784	-83.141	-74.092	1.141	128.255	-137.987	-179.748	-77.617	144.555	-176.568	-58.947	
