1	-11.7072	-83.468	155.816	-177.17	-173.2	79.374	-166.344	-154.336	86.016	168.501	82.928	-75.136	-169.977	-136.842	19.118	-174.114	58.851	-85.471	-163.456	160.958	-179.79	52.873	175.321	-179.876	-178.615	
2	-10.9639	-78.949	142.955	-167.844	-164.965	75.815	-159.655	-90.117	60.046	178.412	67.339	-89.208	175.447	-94.442	-31.351	-171.367	179.519	-101.278	-88.733	145.065	178.968	-63.868	-178.345	-179.442	-59.949	
3	-10.8578	-78.533	140.973	-168.578	-168.299	70.437	177.552	-90.048	61.132	174.468	74.752	-77.119	-173.687	-127.604	13.745	-175.471	60.411	-87.626	-158.938	168.322	-179.353	53.196	173.773	-179.422	-58.607	
4	-10.2992	68.131	16.729	178.336	-170.264	-115.366	6.942	57.586	37.154	-179.44	81.552	-70.128	-172.968	-141.149	18.169	-168.084	57.714	93.906	-103.632	108.308	-179.504	-66.274	176.225	-174.335	-58.353	
5	-10.2817	-84.074	152.346	-179.093	179.361	-112.601	146.491	-159.255	69.111	177.464	66.246	-94.646	176.772	-77.75	-32.754	-177.107	178.974	80.224	-79.024	141.973	-178.848	-65.421	-179.208	-179.319	-59.935	
6	-10.2816	-81.995	145.18	-177.593	178.124	-119.541	155.66	-149.065	54.168	173.619	81.182	-70.958	-172.24	-118.091	12.874	-175.081	60.103	-90.012	-156.601	168.57	179.968	53.69	175.558	178.783	-58.423	
7	-10.2795	-82.802	155.63	-177.665	-167.029	88.512	-144.126	-161.759	79.221	174.981	66.743	-96.356	178.297	-79.951	-27.25	179.361	72.416	-95.392	-76.931	126.772	-178.514	-173.61	177.826	81.849	-64.23	
8	-10.2474	-84.294	151.4	179.195	176.492	-108.726	149.161	-162.398	76.579	178.364	70.142	-91.471	178.132	-99.374	-14.506	175.543	72.887	-94.027	-74.603	132.485	-178.933	-64.831	-176.658	-177.151	-57.228	
9	-10.2426	-83.04	155.807	-177.906	-167.123	-91.462	35.706	-162.043	80.406	174.871	66.37	-97.06	177.327	-77.604	-33.115	179.155	-179.459	80.444	-71.271	127.354	-178.365	-174.299	177.356	82.135	-63.965	
10	-10.1959	-84.2	153.351	-179.898	179.082	-109.187	143.97	-161.94	72.759	177.789	65.815	-95.728	178.145	-79.941	-27.255	179.759	72.319	-95.423	-76.065	128.047	-178.837	-172.239	179.37	83.23	-62.805	
11	-10.1515	-82.402	154.257	-176.993	-167.466	87.277	-146.363	-158.008	78.665	173.845	66.734	-95.648	177.59	-77.816	-32.62	-176.98	178.983	80.206	-79.004	134.115	-178.4	-65.524	-179.249	-179.32	-59.931	
12	-10.1358	-84.27	153.771	179.939	178.821	-108.74	143.832	-162.792	74.24	177.835	65.357	-96.4	177.297	-77.889	-32.865	179.535	-179.408	80.372	-70.438	128.38	-178.676	-172.965	178.98	83.582	-62.627	
13	-10.1337	-84.081	152.034	-179.478	178.827	-111.272	146.351	-159.71	70.739	177.392	66.853	-94.693	177.676	-81.608	-26.9	-179.247	72.593	-95.335	-77.987	131.656	-178.919	-171.335	176.595	179.481	179.904	
14	-10.1243	-169.654	-27.996	178.18	-175.723	84.385	-154.408	79.442	-72.709	-174.791	141.442	-31.743	-179.417	-71.794	-20.361	176.211	70.336	-95.42	-65.92	135.355	-179.091	-69.967	-174.749	-171.07	-177.731	
15	-9.97861	-83.089	154.343	-177.304	-173.169	80.992	-165.317	-153.981	87.27	169.262	81.778	-76.253	-173.837	-140.436	29.692	179.736	-55.756	101.315	-163.104	160.823	-179.82	52.171	173.775	179.855	-179.832	
16	-9.91389	179.385	-17.519	-178.329	178.978	-99.651	173.698	-59.701	-37.834	-178.801	-67.259	-39.842	179.722	-71.199	-38.431	-179.723	174.407	-101.462	-160.572	122.126	-178.078	-174.913	175.148	179.395	-60.077	
17	-9.82545	-84.083	152.589	-179.342	179.036	-112.119	146.633	-160.177	70.486	177.372	66.548	-95.175	176.848	-78.491	-32.39	-177.045	179.362	80.434	-79.075	142.993	-178.878	-65.834	179.862	-84.074	-58.136	
18	-9.76841	-84.025	152.512	-179.038	179.298	-112.77	146.694	-159.471	69.217	177.366	66.24	-94.761	176.759	-77.584	-33.216	-176.774	178.584	81.166	-79.893	144.227	-178.872	-65.339	-71.277	179.428	-59.579	
19	-9.4175	-81.391	151.171	177.442	-170.584	91.867	-3.641	-165.754	149.309	178.474	67.878	-92.107	-176.43	-147.025	21.94	-171.713	58.417	-84.107	-163.382	168.543	-179.748	54.991	178.608	176.104	-179.994	
20	-9.40108	-97.101	171	-178.456	66.094	-85.905	178.81	-64.2	94.179	-177.303	153.768	-64.671	170.919	-76.492	-26.764	172.153	176.832	-121.538	-122.265	160.896	-179.285	-59.157	-175.33	-177.365	-57.82	
21	-9.3679	-78.264	140.261	-164.708	-164.927	-103.33	28.76	-90.77	61.917	-178.893	71.544	-89.274	174.033	-107.726	-14.707	-178.27	70.702	-91.71	-79.245	129.496	177.256	-64.311	-177.754	-83.146	-55.909	
22	-9.29335	-175.978	-22.724	178.307	171.943	59.934	-151.695	88.326	32.17	171.042	75.609	-81.145	-178.496	-95.12	-36.908	-178.37	178.095	57.431	-163.664	159.288	-177.203	62.075	-173.539	178.667	-60.02	
23	-9.273	-84.083	27.305	-178.497	-171.17	62.891	-174.433	53.277	37.423	-177.521	79.539	-71.489	-173.661	-140.643	18.244	-167.885	57.668	-86.189	-104.203	114.291	-179.932	-66.451	176.42	-174.482	61.8	
24	-9.22863	-179.682	-19.009	-178.073	177.577	-98.318	179.668	-62.175	-37.2	-178.835	-68.878	-39.79	179.929	-69.898	-44.527	176.987	173.704	-117.676	-142.779	115.64	-177.157	-80.882	-176.881	176.81	-61.832	
25	-9.1263	-169.417	-31.18	175.89	168.25	67.283	-145.53	79.279	-68.701	-173.921	179.782	-43.329	173.303	-149.771	26.257	-171.28	56.568	-83.747	-114.998	159.821	-179.517	-60.935	-177.517	-176.732	-178.41	
26	-9.12261	-83.403	154.116	-177.946	-174.695	80.832	-165.945	-152.443	91.533	168.328	78.915	-77.523	-175.399	-139.288	30.53	-179.217	-55.879	-78.699	-156.442	137.09	179.635	-172.262	175.27	179.796	-60.05	
27	-9.09759	82.256	-9.585	-178.21	-174.807	76.984	-2.934	-64.788	-38.95	-179.634	-69.451	-37.18	179.071	-71.055	-37.29	179.119	177.699	-97.26	-158.466	119.585	-177.787	-175.253	175.698	179.55	179.864	
28	-8.89156	-84.33	152.652	-179.588	178.766	-110.908	145.975	-160.703	72.002	177.468	66.24	-96.056	176.697	-78.593	-32.502	-179.602	-179.436	80.448	-72.159	131.146	-178.731	-171.818	178.238	-84.072	-58.085	
29	-8.83371	-94.752	166.602	-178.33	62.891	91.231	-177.397	-63.664	93.557	-174.879	150.927	-41.502	171.93	-92.201	-33.527	178.519	173.322	59.002	-160.935	176.355	179.844	59.357	-176.362	176.388	178.057	
30	-8.82416	-170.23	-36.677	-170.287	170.628	79.432	-174.614	-60.6	-39.955	-176.247	-67.714	-33.235	-175.98	-88.269	-27.476	-177.563	-60.244	100.785	-159.276	118.627	-178.232	-175.696	173.12	177.161	-60.477	
31	-8.78769	-84.463	151.743	179.034	177.43	-110.523	149.853	-161.883	73.909	179.374	69.339	-87.702	-179.713	-102.88	-13.673	-176.307	69.684	-94.227	-72.196	-45.479	178.435	-66.86	178.821	-177.555	-59.032	
32	-8.64047	-166.514	171.667	-178.516	60.505	90.037	-177.452	-63.908	92.409	-174.667	146.887	-35.39	176.188	-109.83	-50.205	-177.244	168.115	66.691	-159.592	-55.932	-178.074	-173.059	175.759	179.896	-59.998	
33	-8.61218	-148.404	177.829	178.421	71.605	99.744	-177.297	-64.927	90.922	-173.501	150.307	-47.91	168.895	-76.081	-31.269	174.455	174.614	-109.008	-153.858	178.148	-179.934	59.214	-177.685	176.631	178.342	
34	-8.54958	-82.115	153.766	-176.495	-169.919	-96.432	21.46	-153.475	79.207	169.305	78.22	-79.176	-169.111	-90.249	-30.106	-173.758	-57.429	105.006	-160.541	169.109	179.26	58.894	-178.044	178.979	179.91	
35	-8.49276	-165.511	-26.386	-178.629	63.768	96.912	-4.752	150.653	148.896	175.369	73.569	-80.937	-173.877	-72.978	-36.81	179.36	177.996	-118.352	-161.303	168.925	179.494	62.547	-174.304	-179.809	58.906	
36	-8.47189	-164.572	-39.176	-177.108	176.772	-93.404	-172.828	-63.269	148.451	-177.217	81.888	-61.978	175.408	-58.155	-38.344	179.431	171.43	-107.057	-153.294	145.557	179.121	-168.877	173.266	-179.74	-59.231	
37	-8.42117	-83.778	152.707	-177.893	-179.808	64.1	-32.921	-157.358	63.964	176.39	66.065	-93.497	178.121	-77	-33.439	179.399	-68.127	-76.257	-86.324	154.523	-179.036	-69.385	-178.978	167.626	175.958	
38	-8.24509	-176.873	-20.25	179.283	179.726	-101.041	150.031	-70.357	77.124	-174.795	155.194	-38.072	173.169	-78.138	-42.025	177.722	176.957	-101.199	50.007	-109.755	177.609	-59.05	-66.105	-176.257	-57.111	
39	-8.21946	-168.988	-32.674	177.177	169.013	70.062	-143.498	79.615	-71.943	-174.839	178.211	-48.904	179.975	-87.364	-49.66	-173.875	175.945	-112.748	-163.918	-44.891	178.423	-172.001	175.438	179.931	179.998	
40	-8.20971	-82.761	149.681	178.585	179.037	79.206	178.328	-170.602	46.786	174.907	78.197	-73.772	-178.283	-77.847	-8.571	173.496	68.662	-96.808	-138.674	166.407	-179.245	60.129	177.539	-179.742	-60.036	
41	-8.17867	-84.935	156.387	-176.691	-178.77	-119.419	152.117	-164.607	55.916	177.546	77.909	-76.742	-168.601	-92.787	-13.293	-172.237	68.625	-95.873	-70.293	-37.551	178.407	-65.533	179.166	-175.511	-60.202	
42	-8.15143	-84.031	153.16	-179.297	-179.513	71.572	179.653	-166.135	69.333	-179.607	63.744	-98.612	177.183	-69.296	-33.855	-178.666	177.921	79.977	-79.063	144.756	-178.759	-65.368	-179.192	-179.296	-59.924	
43	-8.12519	-171.136	-34.088	-172.007	174.565	84.421	-176.059	-63.877	-36.173	-177.066	-66.569	-34.985	-177.304	-87.002	-32.212	-179.004	-60.94	100.768	-138.395	102.895	-177.359	-66.76	-173.682	-178.186	-59.801	
44	-8.10159	-81.066	151.298	177.92	-167.418	92.466	-5.748	-162.838	149.714	179.909	63.318	-98.354	178.487	-143.665	32.352	-177.938	-57.429	100.679	-157.221	164.796	-179.708	56.778	178.986	179.287	179.987	
45	-8.04041	-138.95	168.551	178.536	-166.52	74.372	-0.353	84.796	-80.191	173.892	-72.793	-37.112	177.038	-77.279	-31.572	-177.949	175.936	-105.809	-156.755	105.669	-177.575	-176.466	175.681	177.042	-60.443	
46	-8.02483	173.511	-7.744	179.357	64.073	-85.626	-0.572	82.886	-139.949	176.066	68.823	-83.564	177.541	-143.66	25.953	-179.325	57.607	-82.809	-62.294	128.999	-178.485	-171.826	174.798	-177.431	-59.64	
47	-8.01694	-85.451	156.301	179.425	-179.852	-108.108	142.093	-166.732	74.77	179.58	64.954	-98.58	176.993	-77.268	-27.568	-178.719	71.899	-95.584	-71.129	126.396	-178.689	-162.256	-161.505	-68.431	-170.312	
48	-8.0167	-165.639	-37.118	-176.38	177.68	-90.909	177.953	-63.154	150.385	-178.873	83.598	-62.005	179.152	-67.82	-37.238	179.845	-58.481	-69.244	-137.488	160.733	179.487	-64.058	-174.53	-178.814	-179.881	
49	-8.00008	-172.115	-27.731	177.224	167.085	61.965	-146.311	80.432	-68.239	-174.741	173.33	-42.209	175.812	-145.133	37.122	179.131	-61.218	-76.791	-136.706	79.69	179.328	-66.845	-176.373	177.92	176.272	
50	-7.97025	-78.999	140.944	-168.23	-168.502	70.057	177.974	-89.991	61.832	174.989	74.45	-78.305	-173.933	-128.094	14.056	-177.945	63.359	-86.613	-157.087	169.441	-179.384	61.128	-178.436	-70.944	-42.369	
51	-7.95782	67.57	17.761	177.772	-171.143	-114.825	5.114	58.15	41.295	-179.31	78.134	-71.69	-177.728	-142.961	22.026	-171.49	56.976	-84.851	-90.672	109.292	-178.6	-170.198	177.424	179.843	-60.067	
52	-7.95201	-166.943	-38.669	-179.182	176.471	-98.902	-171.616	-67.046	-35.548	179.018	-74.72	-35.985	-179.347	-69.531	-39.623	176.775	177.538	70.596	-81.607	-14.815	179.677	-67.622	-70.478	-179.436	-56.589	
53	-7.85186	-84.735	151.299	179.463	175.219	-113.357	156.345	-163.531	75.132	178.454	76.423	-77.965	-178.272	-147.408	22.512	-172.414	58.382	-83.87	-166.184	-2.741	-179.194	54.292	176.387	178.358	-179.199	
54	-7.83677	-75.303	114.511	-168.076	-176.051	56.359	-29.475	-85.122	72.114	176.874	71.398	-86.756	172.574	-99.849	-31.315	-170.437	-179.432	79.467	-75.8	122.22	179.558	-173.557	174.555	80.603	55.81	
55	-7.79486	-168.686	-30.536	-179.096	-179.494	-92.452	175.958	-64.126	147.76	-178.325	81.289	-63.205	175.463	-55.612	-42.28	176.168	172.05	-120.242	-141.207	-10.986	-179.38	-79.549	-177.713	174.267	177.58	
56	-7.75766	-79.13	142.373	-170.864	177.456	-124.669	-1.847	-59.787	-38.425	-177.554	-67.911	-33.015	-175.234	-83.054	-34.845	-179.584	179.665	62.361	-160.539	153.918	-179.054	59.346	-175.411	176.477	177.315	
57	-7.74263	-172.313	-26.243	176.981	173.553	61.66	-154.522	105.556	-46.934	178.735	94.887	-54.533	171.99	-61.356	-25.285	178.112	65.238	-97.188	-61.735	130.709	-179.092	-175.192	173.362	176.697	-60.441	
58	-7.69752	-82.253	144.349	179.921	178.72	-108.744	144.11	-148.511	66.999	178.397	66.441	-93.08	176.836	-83.413	-29.93	-175.423	-179.973	80.214	-74.879	-43.235	173.044	-66.294	-179.728	-179.204	-59.913	
59	-7.68187	-82.358	144.528	179.874	178.366	-109.028	145.047	-149.106	67.283	178.026	67.287	-92.265	177.222	-87.08	-25.829	-177.034	71.956	-95.471	-74.944	-47.034	174.405	-170.584	176.813	179.684	-60.034	
60	-7.59919	-167.298	-48.35	-167.393	167.82	78.632	177.725	-62.624	-32.773	-177.559	-66.79	-30.492	-174.439	-93.066	-42.391	-176.827	-60.372	100.328	-165.87	160.704	179.764	52.641	177.12	170.002	178.309	
61	-7.57925	-171.871	-28	176.99	166.975	64.052	-146.894	80.606	-69.29	-174.637	174.57	-43.395	176.388	-145.277	48.411	177.031	-59.02	-78.638	-149.242	93.778	-179.697	-171.878	176.678	179.727	179.971	
62	-7.5551	-167.634	-30.803	-177.694	-177.856	-100.034	1.555	-72.883	76.439	179.797	165.281	-61.92	-179.022	-97.522	-12.25	172.593	66.529	-95.952	52.925	-113.705	178.133	-57.934	-67.432	177.642	-59.034	
63	-7.55236	-80.768	145.994	178.232	-166.798	95.788	-151.117	-159.904	84.18	-171.322	80.628	-55.378	168.419	-127.713	168.068	-178.847	61.381	-88.641	-77.536	111.882	-178.895	-171.242	176.044	-179.704	-59.934	
64	-7.52351	-165.399	-46.803	-179.202	177.84	-94.222	-178.307	-72.352	-36.57	178.121	-75.823	-33.045	179.733	-69.802	-40.689	175.275	179.102	-112.302	-88.484	1.285	-179.162	-65.692	-176.164	175.135	179.737	
65	-7.51554	174.136	-6.328	175.716	60.869	-85.692	2.619	79.493	-148.285	178.275	63.934	-101.921	176.462	-73.214	-33.639	179.875	179.125	81.253	-75.86	128.492	-178.404	-173.191	176.551	179.549	-60.053	
66	-7.50369	-85.712	155.402	179.658	177.897	66.451	-25.051	-169.632	75.767	-175.746	73.068	-73.986	170.065	-97.776	-45.403	-175.728	176.384	70.693	-163.274	144.391	-179.486	-171.529	173.847	179.984	60	
67	-7.4681	-177.352	-21.423	178.934	171.617	59.132	-152.634	88.353	27.503	171.355	77.327	-77.192	-176.749	-95.982	-38.639	-175.385	-57.599	103.459	-160.357	143.851	-178.044	-172.158	171.196	80.061	-64.164	
68	-7.46342	-85.555	153.665	179.679	175.002	67.714	-22.706	-167.965	76.705	-179.756	78.823	-73.789	178.155	-139.938	24.5	179.631	-56.329	100.574	-93.573	146.656	-179.459	-67.377	175.027	-176.531	-59.509	
69	-7.4132	-171.409	-31.033	-177.303	171.227	-111.199	179.307	72.973	-134.618	177.32	67.489	-92.84	-177.94	-97.692	-13.953	-179.319	68.495	-95.413	-72.686	126.599	-178.435	-66.587	-176.649	-177.819	60.867	
70	-7.40076	-160.182	156.02	175.832	57.518	86.82	-8.328	54.803	-119.585	175.565	-118.701	17.089	178.999	-84.265	-41.142	171.479	-172.384	-107.386	-163.617	-16.288	174.242	62.104	-174.013	173.941	-65.465	
71	-7.38503	-83.123	144.801	178.551	173.493	63.507	-20.127	-153.307	75.588	174.189	75.806	-76.244	177.024	-136.421	25.255	-179.592	-55.565	-79.248	-133.474	158.896	-179.873	-62.648	-175.026	-179.163	-179.937	
72	-7.37197	-85.407	152.346	178.693	178.772	-110.016	151.08	-165.272	71.507	-174.032	75.55	-68.322	171.163	-73.098	154.441	-178.202	-178.856	70.542	-58.404	-55.618	179.025	-173.831	175.548	179.868	59.997	
73	-7.35495	-173.175	-25.297	176.863	56.728	93.576	178.794	128.714	-163.952	177.304	65.088	-91.215	-178.794	-90.311	-36.608	-176.927	-62.116	-80.223	-166.392	159.004	179.183	59.038	-176.114	179.855	-179.476	
74	-7.35476	-174.636	-24.479	-171.228	66.153	92.359	-1.265	139.359	-174.49	177.95	63.028	-100.944	179.397	-87.209	-32.112	-175.539	-58.051	-68.035	-94.611	119.307	-179.22	-173.153	173.898	178.318	-60.35	
75	-7.34928	-176.155	-18.874	174.876	58.397	-86.454	-3.982	112.422	-159.822	179.758	65.93	-88.062	178.754	-91.076	-38.489	-177.888	-60.319	-77.992	-166.707	160.071	179.435	57.462	-178.418	178.027	179.017	
76	-7.32341	-83.895	152.224	179.383	177.526	-109.717	149.246	-163.653	73.322	177.739	73.649	-86.056	-177.369	-87.958	-50.171	179.934	177.7	78.757	-78.487	160.837	-178.774	74.273	-170.611	175.259	173.602	
77	-7.19268	-81.011	151.053	178.429	-166.484	92.473	-8.989	-162.185	146.207	-179.821	64.44	-99.343	176.016	-139.975	25.693	-175.585	-56.721	100.74	-137.544	147.543	179.737	-64.848	-174.288	-179.191	-179.934	
78	-7.15086	-164.048	147.691	174.241	60.373	-86.404	4.663	59.877	-105.649	-176.121	-76.863	-30.719	-177.042	-82.627	-21.749	172.232	-60.046	-71.885	-158.448	119.391	-177.671	-168	178.34	179.808	-60.028	
79	-7.07406	-84.188	151.204	178.926	177.263	-110.044	149.712	-161.194	74.11	179.363	69.222	-87.571	-179.876	-102.947	-13.737	-176.161	69.185	-94.136	-73.623	-43.435	177.973	-66.466	177.212	83.107	177.508	
80	-7.03571	-167.155	-42.775	-171.528	170.965	79.504	11.2	-63.946	-35.388	-177.265	-66.129	-33.464	-177.65	-87.011	-35.841	179.691	-60.928	100.886	-160.586	121.557	-178.733	-173.456	169.9	80.651	-62.618	
81	-6.97945	-152.646	151.685	-179.994	59.575	91.648	-6.648	57.291	-115.17	171.901	-127.978	21.584	-178.839	-86.987	-37.758	177.289	-171.512	-93.146	-161.508	-13.616	173.913	62.064	-172.632	-81.773	-57.016	
82	-6.96192	-84.581	147.633	172.505	171.002	-101.589	154.622	-163.392	93.312	-174.024	72.716	-76.366	170.367	-149.028	21.396	-171.573	56.84	-85.168	-109.46	141.044	-179.62	-61.311	-177.814	-177.154	-58.646	
83	-6.86589	-167.958	-31.388	-177.541	-176.733	91.84	-2.162	84.826	49.679	179.648	171.034	-76.096	174.628	-65.61	-30.171	177.848	176.933	-113.313	-160.185	176.897	179.543	58.595	-177.697	176.104	178.186	
84	-6.85833	-163.694	-38.316	179.226	-178.233	-87.604	0.328	-160.609	63.103	177.863	65.521	-98.072	177.313	-70.747	-27.895	178.527	72.542	-94.69	-82.092	-39.522	168.391	-169.701	171.312	174.888	-60.244	
85	-6.81251	-166.939	-32.893	-179.305	-175.443	89.887	168.542	74.182	-88.024	-177.981	155.695	59.483	-178.901	-92.67	-11.418	174.553	65.913	-97.15	-155.097	133.429	-179.998	-176.422	173.934	179.793	-60.016	
86	-6.80756	-161.388	-46.779	-175.731	178.333	-93.992	179.074	-74.458	-53.89	-179.661	-72.326	-27.871	178.625	-64.425	-40.908	178.179	177.887	71.367	-79.873	-28.657	178.639	-73.091	175.991	175.545	-178.535	
87	-6.8041	-165.405	157.44	175.189	60.799	-89.186	5.216	52.931	-127.359	175.348	-108.072	10.324	-179.498	-83.633	-36.891	175.825	-176.66	-95.27	-156.412	-43.11	177.012	-170.186	70.285	-178.834	-59.844	
88	-6.56516	-82.977	159.451	177.294	-172.064	-94.46	-176.265	103.711	140.165	179.732	77.081	-74.454	-176.799	-80.343	-15.86	173.49	71.315	-95.257	-151.988	128.686	-179.999	-170.601	-177.556	178.624	179.812	
89	-6.56516	-83.152	159.491	177.317	-171.98	-94.505	-176.273	103.628	140.342	179.758	77.053	-74.474	-176.79	-80.325	-15.899	173.464	71.276	-95.275	-152.056	128.627	179.962	-170.577	-177.535	178.68	179.841	
90	-6.46807	-166.19	-36.269	-179.591	-179.517	86.629	-0.82	-167.802	66.486	175.584	64.775	-96.857	175.344	-63.07	-35.514	177.201	177.025	-100.529	-79.712	-40.271	167.423	-65.213	-178.644	-179.36	-59.972	
91	-6.40626	-81.556	144.044	178.306	-166.793	95.935	-151.814	-157.269	84.096	-171.353	79.752	-57.082	165.827	-125.989	162.789	177.124	-173.468	-114.086	-65.716	-60.224	179.4	-176.456	66.238	-178.037	-179.76	
92	-6.33879	-83.01	144.991	177.579	177.712	-100.006	-2.658	-163.929	67.86	-179.582	63.558	-97.589	176.231	-66.762	-34.849	-179.893	177.506	79.968	-77.205	-37.942	166.63	-66.097	-179.592	-179.215	-59.936	
93	-6.04501	-170.643	-20.855	168.668	-171.056	-123.794	175.248	59.52	47.911	179.468	81.974	-69.841	-179.393	-160.029	67.103	170.964	-173.274	-114.948	-161.769	-174.121	179.603	56.699	176.642	177.737	176.503	
94	-5.94407	-108.448	151.808	178.968	-68.476	-96.878	177.989	150.07	65.306	176.534	88.498	-62.394	176.542	-60.737	-22.422	168.028	62.038	-98.44	-150.538	143.105	-178.507	-173.059	177.526	-177.584	-58.866	
95	-5.62024	-83.311	159.741	177.485	-172.217	-95.321	-175.959	103.576	139.903	179.807	77.194	-74.271	-176.829	-80.68	-15.363	173.516	71.53	-95.097	-152.148	128.827	-179.798	-168.685	-174.047	-79.949	-175.453	
96	-5.61885	179.796	-17.626	-179.679	55.454	86.323	-2.84	69.993	-89.31	173.871	-144.443	27.573	178.064	-81.807	-30.286	-179.796	-179.055	-100.435	-69.856	-44.431	178.283	-172.09	175.672	179.828	-59.978	
97	-5.4971	-152.759	-33.11	174.818	-48.855	-61.963	177.343	-171.817	-73.915	175.031	-80.078	-32.533	-178.136	-70.417	-45.548	174.481	176.748	-127.709	-165.016	-19.606	175.474	60.748	-173.886	179.988	-59.751	
98	-4.27182	-76.28	92.939	-178.505	173.259	-124.595	141.902	-89.25	-17.187	-172.434	-84.472	63.099	-178.869	-71.078	-33.323	178.647	-62.519	110.527	-72.385	126.47	-178.356	-171.165	70.212	-178.896	-59.858	
99	-2.62184	75.056	2.667	-177.971	-173.142	69.901	-178.878	-140.444	176.788	-178.723	67.442	-100.21	174.606	-79.388	-31.339	-177.896	-179.189	76.05	-95.957	176.103	178.725	-62.553	-177.227	-179.376	60.045	
100	-0.607516	-168.873	-22.294	175.141	-65.321	-81.848	179.862	84.173	-64.695	178.348	-80.414	-28.611	-175.734	46.737	46.332	-178.963	-55.428	105.746	-157.941	-42.975	-179.656	-169.293	70.612	-178.855	-59.853	
