1	-7.91714	-75.786	107.651	-173.281	178.176	-103.127	36.212	-93.417	66.554	169.973	80.176	-70.371	-177.87	-89.139	-38.119	-172.554	178.032	-111.085	-158.527	148.882	175.684	-171.599	172.385	179.986	179.99	
2	-7.03423	-83.995	153.314	-179.714	179.183	72.64	-179.419	-167.247	72.402	-179.737	65.523	-95.766	178.567	-79.87	-28.362	179.485	-59.256	-71.383	-79.673	147.886	-178.941	-66.116	-179.967	-85.148	60.833	
3	-6.71767	-84.155	153.394	-179.338	-179.682	72.974	-179.286	-166.491	71.98	179.945	63.352	-100.712	177.703	-69.156	-34.028	179.464	179.026	80.637	-73.464	131.581	-178.585	-171.361	69.681	-178.746	60.145	
4	-6.52981	-86.384	26.834	-175.023	49.275	-91.01	2.868	85.487	152.765	179.707	75.43	-75.169	-177.271	-71.829	-37.113	179.099	177.887	-120.299	-161.987	162.073	179.734	61.336	-175	175.473	176.178	
5	-6.36553	-82.565	134.465	170.459	163.264	-119.833	-163.994	-96.261	-115.28	174.86	61.133	-111.895	178.466	-71.616	-31.731	-178.85	-179.858	-100.021	-80.316	131.26	-179.025	-172.144	177.024	179.326	179.884	
6	-5.90989	-37.81	-35.934	-177.998	-177.418	-95.533	1.393	-168.514	76.908	177.746	68.856	-94.227	-179.79	-92.752	-15.404	175.173	73.844	-94.556	-73.664	132.296	-178.871	-65.4	-176.754	-177.071	-57.307	
7	-4.90993	-38.794	-35.697	-178.32	-53.477	123.24	-179.898	-152.742	40.852	172.432	77.466	-75.33	-177.26	-77.649	-8.375	173.305	69.222	-96.691	-137.505	153.436	-175.972	56.294	175.187	-178.503	-179.624	
8	-4.87937	-93.348	147.175	-174.407	60.907	94.224	-179.97	-87.564	69.759	175.056	76.596	-75.216	-175.27	-86.248	-39.039	-176.381	-59.137	105.575	-163.987	164.302	179.664	58.329	-178.275	179.033	-60.091	
9	-4.78934	56.689	151.534	179.992	-178.71	-98.764	-177.372	75.76	33.214	-176.188	161.906	-53.718	173.002	-72.987	-35.094	177.5	176.127	-121.311	-162.419	173.04	-179.962	59.472	-176.67	178.976	-60.466	
10	-4.65778	-75.492	99.51	-175.975	179.987	-102.226	38.238	-90.606	71.213	175.051	83.418	-59.068	172.122	-148.507	149.884	177.437	177.604	-102.561	-130.337	149.767	-179.444	-65.527	-69.468	-86.12	-59.578	
11	-4.537	-158.951	-37.512	179.346	-63.355	-79.515	-179.442	-157.107	69.115	179.408	63.641	-98.968	178.465	-75.655	-29.183	177.626	-60.072	109.674	-72.779	-44.058	169.288	-170.365	175.503	85.462	-58.763	
12	-4.4457	-167.674	-30.916	-177.938	178.955	82.855	-1.297	-171.359	64.832	174.872	66.883	-94.713	176.612	-68.832	-31.066	176.584	-179.69	-96.834	-86.859	147.468	-179.368	-68.345	92.693	178.496	-61.1	
13	-4.38989	-95.921	168.474	-179.298	67.18	-86.383	1.401	175.4	75.759	176.768	67.717	-93.016	177.554	-76.972	-31.111	175.951	-60.134	-71.179	-74.833	134.183	-178.893	-174.714	178.552	175.937	59.309	
14	-4.30158	-83.778	152.078	177.636	-62.209	114.659	179.808	-178.275	141.478	177.132	76.933	-76.082	-177.076	-76.744	-16.037	174.526	68.709	-96.2	-152.681	143.47	179.886	179.484	169.663	170.177	178.769	
15	-4.24992	52.886	14.462	-176.47	58.73	89.505	-156.799	75.951	-166.193	177.6	65.911	-105.691	-179.075	-97.434	-11.461	-176.229	-177.806	-108.36	50.684	-147.1	178.458	-54.26	100.786	-179.39	-55.812	
16	-4.01584	-87.074	42.488	176.195	-170.945	-118.239	0.958	-76.359	73.023	-176.267	67.549	-89.757	178.327	-92.306	-23.294	-174.778	-57.279	-74.197	-85.991	76.774	-179.566	-64.068	-179.022	-179.134	60.055	
17	-3.50722	-83.09	153.971	179.225	-60.771	111.188	-179.478	-81.396	68.013	-176.053	65.539	-92.866	178.933	-90.85	-24.337	-174.344	-57.532	-73.815	-82.003	98.801	-178.74	-65.097	-71.569	177.916	-60.253	
18	-3.40653	-94.627	172.957	178.068	62.12	87.689	14.061	-151.562	-174.282	-177.813	78.123	-74.479	176.739	-86.94	155.926	-175.256	72.46	-95.25	-94.587	-46.499	179.202	-63.063	-70.211	176.15	-60.613	
19	-3.0961	-39.602	-38.17	179.183	-54.387	114.504	-179.781	-147.641	37.077	173.912	79.392	-75.153	-175.285	-71.238	-16.304	170.985	67.238	-97.955	-137.551	136.641	-178.307	-173.304	176.231	178.215	179.862	
20	-3.0521	58.26	5.933	-168.301	76.486	93.607	172.854	83.092	-145.253	179.137	63.822	-95.061	177.001	-65.797	-34.354	177.791	179.698	-98.684	-85.395	132.292	-178.367	-67.184	98.063	177.579	-61.003	
21	-2.6649	-84.417	146.936	-176.735	-69.982	-96.596	177.791	145.808	81.094	175.327	84.008	-63.794	-179.538	-65.745	-26.398	175.297	-61.069	-69.543	-148.942	141.981	-178.932	-169.4	179.49	-177.134	61.31	
22	-2.27835	65.73	56.042	173.157	-59.81	-74.708	-0.106	99.788	2.621	173.62	91.541	-57.021	176.243	-59.776	-22.641	168.687	66.218	82.447	-129.522	145.794	-179.274	-176.922	174.664	175.761	-60.571	
23	-2.16709	-73.853	50.153	-177.35	-52.547	98.551	179.719	80.22	46.75	-178.063	161.134	-63.685	174.011	-70.353	-28.932	-178.821	174.099	71.878	-160.489	140.849	179.792	-167.747	70.769	-179.008	-179.867	
24	-1.95573	-92.745	165.416	-177.04	64.275	92.02	-1.526	142.635	-69.625	169.788	-76.154	-15.183	174.311	-143.118	163.788	-177.842	63.726	-85.454	-78.282	-62.475	179.411	-67.741	-72.642	178.437	-60.243	
25	-1.58762	-153.307	144.647	-179.426	-170.103	-90.118	28.749	-169.363	64.843	177.696	138.026	-95.936	177.503	-146.438	49.908	-176.638	-58.963	104.927	-162.979	156.407	-179.873	59.912	-174.579	-82.173	62.947	
26	-1.54364	-96.239	168.902	177.235	64.126	91.493	-1.587	-165.921	-75.101	176.494	-74.074	-31.035	178.662	-156.845	159.817	179.146	59.004	91.767	-81.194	-53.828	179.553	-68.972	-74.587	177.938	-61.005	
27	-1.52675	75.504	2.594	-177.931	-173.108	69.873	-178.581	-134.336	175.58	-178.708	67.453	-100.152	176.86	-87.025	-26.346	-175.95	-58.069	-72.792	-91.732	-16.174	179.974	-63.875	179.508	-83.19	-178.159	
28	-1.44695	72.748	12.349	179.058	-58.91	-80.186	-178.622	76.939	50.461	177.406	71.313	51.165	-177.835	-155.917	161.462	-179.902	-177.288	-112.133	-57.898	-50.405	178.519	-172.943	69.118	-178.572	-179.793	
29	-1.4068	70.623	-4.636	-175.978	63.394	81.84	179.976	-164.853	44.666	173.603	63.909	-94.307	-177.245	-80.255	-21.54	178.217	-179.495	-106.251	53.777	44.161	-178.428	-59.827	178.456	-85.341	-60.226	
30	-1.34928	-97.723	163.682	-177.036	64.361	96.152	-178.701	-77.704	76.517	177.242	-77.217	74.188	179.868	-155.663	149.915	-178.622	178.763	70.308	-68.803	121.893	-178.617	-172.912	175.974	179.832	179.978	
31	-1.09206	-83.162	79.943	-179.156	-179.846	-115.785	-0.057	98.103	52.163	173.483	65.298	-101.431	179.276	-70.912	-32.322	-178.232	178.204	-100.002	-80.977	159.458	-178.361	-66.954	-71.483	-84.978	-58.888	
32	-1.08125	-169.922	-27.603	174.654	176.259	-124.787	1.324	77.607	19.555	-179.302	-112.802	18.536	175.744	-141.55	20.615	-173.101	57.386	-86.705	-165.677	165.119	-179.89	54.389	176.366	-85.443	-59.115	
33	-0.981917	56.326	154.294	176.802	-176.741	90.44	1.578	101.184	56.644	171.915	66.649	-98.563	-179.273	-76.042	-29.731	-178.28	-171.237	-96.487	-86.528	160.792	-179.396	-64.615	-70.637	177.465	59.93	
34	-0.766364	72.353	36.555	174.604	-54.816	114.779	179.603	-70.943	74.247	178.763	156.344	-45.389	178.942	-83.963	-38.489	-169.358	174.726	65.118	44.406	-106.433	177.401	-66.899	91.82	-177.14	-61.25	
35	-0.31592	-159.108	138.524	-178.741	-65.249	97.725	-0.31	-80.9	67.658	170.474	73.421	20.338	177.774	-94.782	-35.085	174.847	-52.027	-53.393	-62.984	-22.754	178.205	69.282	-168.937	172.094	178.587	
36	0.200209	-161.957	-32.85	177.325	-60.928	-72.803	-179.964	77.933	-77.092	-167.25	-72.504	-17.151	-179.262	-72.827	-13.866	173.3	-176.955	-109.355	-146.816	27.648	-178.434	58.11	-94.087	-165.507	-52.976	
37	0.31033	77.863	7.967	177.89	-53.463	115.168	-179.364	-165.439	44.984	-177.704	138.353	-44.66	179.54	-161.93	-52.683	175.881	167.407	71.4	-152.158	96.534	179.807	-171.889	175.639	-179.588	59.914	
38	0.352227	-87.918	29.59	-177.207	55.29	95.545	-2.469	76.248	28.778	177.445	-161.75	125.106	-173.639	-149.98	157.507	179.84	-55.551	-79.197	-156.727	138.216	179.827	-172.769	172.056	80.571	-63.902	
39	0.382807	-96.082	167.591	176.661	66.48	-86.804	1.139	-158.844	-99.859	-179.77	66.514	-93.057	177.487	-85.857	-25.59	-178.152	-56.869	108.458	-93.01	147.013	-179.312	-64.089	94.911	-176.047	-59.548	
40	0.560778	-82.909	152.774	178.405	60.976	-89.385	-0.35	68.619	28.626	-176.823	143.007	-143.453	175.808	-71.477	-30.311	176.466	-61.466	110.046	-160.162	147.278	179.401	55.278	-177.899	179.326	-60.112	
41	0.612133	-158.423	-37.29	-175.168	-56.744	-84.787	-179.494	145.04	-125.584	173.232	-77.387	66.382	-172.618	-81.868	-30.428	-179.028	-173.336	74.798	-157.5	138.495	-179.975	-171.717	174.973	179.969	-179.983	
42	0.63905	-104.37	174.91	173.659	67.069	96.017	-1.261	93.023	13.298	173.338	88.602	-58.291	177.235	-60.326	-29.377	169.884	-62.219	110.75	-129.377	170.123	-179.047	-65.034	-176.202	84.154	178.011	
43	0.794607	44.52	167.949	-179.696	64.543	89.004	-178.687	-172.957	68.954	178.774	67.026	-93.082	175.935	-73.28	-33.314	-178.91	178.69	-98.823	-82.359	154.889	4.356	-65.285	-71.173	-179.237	-179.322	
44	1.08974	-38.578	-42.92	-177.012	-177.404	-88.782	0.239	173.777	65.739	-179.338	81.431	-70.77	179.784	-156.273	153.165	173.914	176.054	-102.481	-129.819	141.074	-179.348	-71.396	-72.141	-86.103	-58.244	
45	1.22581	-161.968	-33.203	177.626	-64.058	101.585	-0.344	174.399	162.203	-177.808	-82.455	66.129	-178.953	-85.133	-31.595	177.182	-57.511	115.152	51.407	44.625	-178.319	-59.023	-178.677	-84.21	61.212	
46	1.55414	-158.639	145.468	-178.781	178.749	79.932	0.788	71.963	-79.235	178.357	172.323	50.222	-176.063	-150.594	-56.72	-177.636	-66.126	104.624	-163.401	-52.539	-178.775	-171.255	70.235	-178.793	-179.866	
47	1.87057	72.564	19.55	177.646	-55.79	109.863	179.873	-92.639	-38.737	-173.213	-63.745	106.546	-179.999	50.35	40.49	-176.621	-164.862	-114.575	-159.918	-31.586	-177.842	-178.082	170.5	176.324	179.196	
48	1.93122	-90.342	38.772	-178.251	-57.07	-78.814	179.803	70.266	37.734	-179.799	-79.465	70.424	-178.424	-81.285	-30.833	177.675	-55.691	116.837	51.301	43.991	-178.296	-57.931	-177.335	-177.11	-179.773	
49	2.0993	-164.912	-31.911	-178.068	-63.935	102.139	0.01	145.746	-43.694	-179.149	-158.964	93.3	-178.476	-147.246	28.664	-178.602	60.778	102.227	-137.197	146.322	-179.686	-78.548	-72.983	173.357	175.072	
50	2.26749	-156.418	-33.582	176.805	-51.155	-69.204	178.851	-162.666	-139.094	177.558	-59.615	128.331	-174.43	47.178	50.368	-177.656	-52.046	104.529	54.793	-100.644	177.155	-167.371	74.298	-177.771	60.264	
51	2.28294	-44.29	-27.63	-178.685	71.001	-95.695	-1.35	-84.012	-26.354	-175.161	150.041	-42.282	173.9	-59.756	-27.201	164.507	71.104	-91.466	-131.837	-27.425	177.18	-85.133	-74.492	177.87	-60.327	
52	2.58623	-94.184	158.092	178.489	66.41	93.325	-178.294	176.764	-72.681	178.801	-61.81	109.119	-167.728	45.001	48.861	-174.273	-167.309	64.64	50.219	-107.765	177.051	-62.568	-177.509	-179.911	59.982	
53	2.64384	-169.055	-31.734	179.341	175.518	-111.429	0.378	79.229	-70.534	177.907	63.582	-102.626	-178.68	-74.436	-27.715	-179.023	-179.708	80.867	-65.922	-54.394	14.521	-170.504	179.131	-83.565	62.222	
54	2.65417	-156.942	-53.818	-177.661	-80.234	86.769	-179.696	61.272	-101.263	-178.032	-86.721	-26.29	-176.474	-72.312	145.893	-179	179.304	-123.095	-85.046	152.69	6.458	-65.838	-71.419	-85.052	-178.902	
55	2.92798	-81.88	155.156	179.78	-60.011	100.125	179.881	73.13	27.227	178.261	73.072	31.948	177.695	-66.602	-38.502	-177.468	174.875	-107.976	-158.638	-37.387	-179.575	-168.504	177.673	-82.1	63.726	
56	2.94835	-156.835	-39.318	-175.181	-58.936	90.67	-179.959	148.094	72.713	-174.632	80.824	-66.03	171.972	55.175	40.169	-175.892	-159.206	66.349	-79.192	-34.391	178.987	-64.264	-69.862	175.099	179.395	
57	2.97216	-84.638	159.727	178.483	-60.32	100.888	-179.505	-150.928	140.058	-179.085	71.904	24.559	-177.352	-99.251	-9.489	177.55	71.576	-92.274	-157.111	138.552	179.976	-175.232	173.624	179.895	179.987	
58	3.20122	-110.992	173.465	-177.159	78.213	-72.433	5.786	-144.644	178.92	179.726	84.44	46.938	176.331	-156.624	160.868	-177.395	74.468	102.317	51.495	-101.441	178.358	-168.116	72.844	-179.243	-179.897	
59	3.73297	73.313	9.835	-178.538	-58.72	105.353	179.959	-79.218	73.131	179.622	-60.021	108.784	-174.866	48.589	44.533	-179.391	-165.394	65.215	-151.776	-41.065	179.186	-171.731	175.769	179.713	179.977	
60	4.04535	-37.988	-31.662	-178.819	-57.311	108.135	-179.81	171.235	64.083	176.675	63.637	-101.521	-179.578	-70.293	-28.673	178.615	-179.887	79.706	-62.879	-49.062	4.027	-170.398	-177.856	-82.131	63.367	
61	4.26998	-90.489	38.721	-178.026	-57.073	-78.811	179.784	69.561	39.555	-178.892	-78.45	73.716	178.808	-92.047	-30.424	-172.712	-54.319	117.286	46.086	48.973	-178.447	-61.573	95.088	-175.168	60.44	
62	4.6284	70.425	9.676	-179.906	-57.556	104.173	179.271	-167.085	75.512	-171.345	79.017	35.447	-178.674	-159.093	-52.442	176.036	168.735	60.034	59.438	-153.865	178.762	-148.059	-175.158	-81.653	63.489	
63	5.03017	-91.751	43.537	-179.963	-59.754	100.539	179.941	-165.386	166.409	-179.455	73.549	-76.892	-179.233	-76.325	-29.808	178.012	-59.481	108.363	-66.576	-53.191	10.556	-172.845	176.74	-178.879	-179.904	
64	5.53571	-159.392	79.208	178.806	-63.403	-78.648	-0.531	-78.998	66.628	-176.087	141.892	151.546	-177.777	46.56	55.834	-176.917	-169.661	-115.868	-153.061	136.584	179.732	-163.225	74.3	176	-179.862	
65	6.17765	-36.542	-35.778	179.018	-175.539	-96.06	179.51	-171.436	69.271	-179.183	81.539	-65.122	176.487	-142.741	-52.647	176.182	-65.436	-80.114	-68.871	-42.189	-15.772	-173.964	174.722	179.597	-60.021	
66	7.71397	-95.558	160.288	-179.237	62.848	-86.327	0.985	-163.238	162.047	-178.781	78.722	15.608	-179.336	-73.088	151.488	-173.211	68.205	-95.668	50.555	-98.822	177.797	-168.873	72.367	-179.167	-179.893	
67	8.09766	-85.756	156.062	176.61	176.55	77.426	-162.926	-72.297	85.477	176.728	-68.438	179.412	-16.04	-69.411	-18.626	177.551	-61.721	110.945	-145.049	-23.118	176.599	56.029	178.253	179.618	-60.041	
68	10.1193	57.033	155.473	-179.31	-176.274	84.535	-4.675	177.724	75.803	-161.801	79.644	-160.017	167.624	-53.149	-55.629	174.517	170.549	-111.668	52.831	-158.348	178.854	-125.08	-66.472	-93.086	179.218	
69	10.1919	74.681	8.52	179.621	-54.498	-74.287	178.215	163.667	-55.508	-178.627	-76.726	79.974	176.33	76.28	-53.614	170.517	-149.553	91.544	-58.098	-41.92	176.14	-174.116	179.963	172.631	178.198	
70	10.4437	173.342	-6.768	174.159	178.96	56.876	-0.781	88.151	-61.86	175.603	-77.075	-20.95	-175.998	54.71	-171.976	175.491	-41.58	-53.381	54.87	63.873	-0.161	-161.993	74.116	85.313	-60.752	
71	10.5865	-92.073	91.208	-171.162	177.944	61.126	0.087	64.565	48.537	-168.637	77.877	-144.33	175.008	-76.292	72.349	-175.573	-176.344	-116.365	66.109	153.951	-25.655	-148.762	72.925	-174.374	-59.293	
72	11.2406	-173.767	-23.501	179.406	64.085	-83.682	165.689	159.436	-86.081	179.221	158.622	-98.66	36.248	-106.203	0.61	177.361	67.63	-92.273	-150.53	167.955	-179.782	57.752	175.604	-84.904	61.241	
73	11.4424	178.653	-9.316	171.847	65.406	101.017	178.176	174.563	-96.092	27.208	-99.106	-5.779	177.545	-150.344	153.379	-178.414	179.601	80	-162.896	-9.452	179.895	57.252	-175.712	84.553	58.172	
74	11.5865	74.118	6.969	-178.472	-58.51	105.415	-0.192	73.069	-152.705	179.343	177.796	-179.064	-179.741	-74.123	-20.321	174.192	76.251	87.518	-155.487	138.465	13.115	-174.251	170.907	76.879	173.001	
75	13.385	-165.997	-53.268	-178.915	171.762	79.163	18.428	70.566	-81.526	-171.701	159.061	45.219	61.137	-149.01	-50.464	175.419	179.107	88.595	-73.952	126.185	-177.961	-170.963	-92.275	178.202	-60.261	
76	14.2012	64.807	150.638	179.811	-62.437	105.249	-0.459	79.183	-73.022	-179.488	-178.885	177.51	178.8	-63.963	150.53	-177.216	68.745	84.327	-79.921	126.838	23.107	-170.504	69.128	84.673	178.463	
77	14.3325	-99.665	167.981	179.283	72.372	99.093	-178.553	-159.456	75.449	-173.482	150.329	63.767	47.065	-94.743	158.477	-172.204	62.25	-96.217	46.645	70.494	177.062	-69.627	174.232	-177.627	-59.633	
78	14.3445	-163.381	-31.273	179.365	-62.99	102.249	-179.442	-81.48	175.586	4.767	175.749	56.556	-179.125	-145.376	157.866	179.54	-59.675	-73.225	52.843	68.828	-179.13	-163.522	-177.48	-82.752	-177.246	
79	14.4098	-137.421	65.658	31.287	-176.348	-121.746	0.223	60.048	38	-178.472	-79.492	70.573	-177.785	-81.696	-27.114	179.389	-55.088	-62.227	52.743	66.714	-179.033	-163.102	179.726	179.847	59.99	
80	14.5704	-166.467	136.81	169.203	155.544	60.333	-148.064	-177.038	149.46	29.19	-106.49	-150.709	-178.598	49.087	85.721	179.438	-177.481	56.899	57.979	26.773	179.776	-53.191	-176.554	-177.597	59.933	
81	14.6474	73.814	9.404	177.775	-58.796	-74.582	-0.118	172.578	63.771	25.618	64.873	-175.437	174.166	-84.38	-29.975	-179.176	-59.055	108.019	-164.186	158.9	-177.4	59.141	-173.364	85.394	-60.619	
82	15.6014	-90.174	38.15	-178.316	-57.13	-78.709	-179.987	169.126	-61.637	-27.298	-66.932	-47.77	-171.79	-105.497	8.9	179.919	-172.19	-111.664	-153.876	177.827	179.826	55.133	-93.659	176.099	-60.979	
83	15.6733	-137.163	65.711	30.989	-176.312	-121.572	-179.493	60.251	35.013	-176.8	-79.375	72.036	179.358	-70.478	-35.597	-179.834	177.6	-103.578	52.56	71.154	-178.599	-164.43	179.23	179.865	60.027	
84	15.9862	78.658	-47.54	178.143	-64.226	-78.062	0.172	62.436	45.531	179.826	148.541	-93.005	40.122	-98.029	144.461	-177.265	73.769	87.107	50.25	-99.317	178.05	-169.052	178.111	179.769	-60.016	
85	16.334	-37.719	-39.921	-179.166	-178.674	-99.086	178.893	174.332	-179.027	-1.467	-178.799	-55.617	176.022	58.65	-173.89	177.571	-39.554	-61.671	-161.116	166.275	-179.872	56.43	179.272	83.594	58.029	
86	17.4817	73.82	9.387	179.925	-58.627	105.499	-179.923	-73.508	-30.652	-179.646	161.066	-98.899	36.365	-106.384	0.72	177.386	67.622	-92.218	-150.676	167.629	-179.73	57.734	175.617	-84.901	61.246	
87	17.6855	-160.876	131.691	34.55	-74.295	-89.334	179.557	-104.184	-3.565	-177.593	-172.545	-168.212	-178.529	47.762	51.374	-173.466	-168.008	-115.644	-77.93	138.517	-178.81	-64.67	177.965	-171.855	59.993	
88	24.3968	-170.947	-30.486	-170.913	68.538	94.695	-175.505	153.589	-158.728	-19.804	93.77	-175.325	-23.362	-66.447	-15.14	168.837	73.153	-93.5	-139.631	168.916	179.972	63.786	178.914	-84.166	-58.239	
89	26.7142	-91.499	41.975	-178.996	-57.832	-79.176	179.622	-74.901	82.496	174.952	-142.314	-89.193	177.317	-135.816	86.268	-137.957	-179.668	66.236	59.194	-25.699	-174.13	108.368	-172.451	179.34	-60.112	
90	28.0441	43.916	169.097	177.835	62.444	88.349	-1.079	159.807	-86.802	35.212	64.1	-178.289	-24.837	-63.164	152.685	-178.231	-66.158	113.697	50.665	-137.264	178.243	-56.955	-67.893	178.343	179.95	
91	28.514	-95.566	166.999	-30.012	61.048	-88.375	2.245	-167.933	161.746	25.102	-92.402	167.233	-176.224	56.823	-177.165	177.828	-40.91	116.838	-159.228	-36.208	-179.799	-166.888	175.464	-177.919	60.422	
92	30.4681	-78.223	127.972	42.989	-53.627	-47.368	178.764	-110.935	13.232	172.089	-74.722	76.244	-179.784	-73.135	141.634	-176.657	-64.647	-72.988	65.842	-23.339	-179.866	116.923	-175.211	179.375	179.927	
93	32.8344	42.428	156.461	178.131	60.302	-93.767	0.851	72.546	-177.577	14.912	71.14	20.291	-173.644	62.424	142.581	-54.756	-153.264	-93.481	-129.254	-59.948	-176.816	-146.469	-72.274	-84.418	-178.398	
94	36.1696	82.534	-40.832	-178.964	-178.993	-99.163	178.883	-92.017	176.523	20.331	68.703	34.207	178.59	32.652	64.95	55.495	37.99	95.839	-106.079	102.131	179.045	-68.272	86.774	-177.29	60.555	
95	37.759	-152.379	135.798	27.46	54.822	-84.946	1.771	156.884	100.085	-30.272	101.896	-139.143	-178.85	-153.476	150.346	-166.187	-177.531	61.262	26.826	-133.111	178.055	53.674	175.98	178.14	179.511	
96	42.6933	-82.132	136.336	27.113	-75.23	-80.814	-0.31	151.367	-171.626	179.394	-174.657	37.69	52.456	-138.056	128.997	40.997	51.207	94.383	-107.256	-58.719	-178.027	-170.118	70.486	-178.6	-179.808	
97	44551.6	177.597	-16.253	171.919	39.713	80.481	69.248	89.698	100.879	-29.422	-158.025	49.747	161.998	-54.199	-120.681	-60.598	-123.857	-172.24	161.73	154.974	-179.288	-46.11	124.916	177.153	-117.822	
98	70304.4	-179.422	-151.455	135.299	45.129	72.067	-14.579	-7.098	-32.715	10.246	-23.564	132.284	-80.929	-101.117	-65.328	179.483	-81.886	-57.685	59.5	-96.093	-162.839	-159.885	77.086	-120.066	-59.019	
99	71606.4	-133.451	-10.796	-91.454	6.909	-77.109	2.701	-125.268	-162.12	100.545	-105.285	-54.966	118.796	37.19	142.04	176.578	150.921	-57.837	175.307	158.543	-178.966	-114.822	-72.392	-178.292	-66.969	
100	86200.4	-81.657	-131.668	89.008	-176.66	2.496	-98.905	-161.957	88.325	-107.22	46.636	125.155	98.096	55.89	-121.879	-83.297	-73.985	-178.759	128.772	-131.999	-166.304	-80.221	127.1	83.555	-69.86	
