1	-4.90993	-38.794	-35.697	-178.32	-53.477	123.24	-179.898	-152.742	40.852	172.432	77.466	-75.33	-177.26	-77.649	-8.375	173.305	69.222	-96.691	-137.505	153.436	-175.972	56.294	175.187	-178.503	-179.624	
2	-4.78047	56.597	151.458	179.855	-178.578	-98.58	-177.449	74.635	34.343	-175.43	161.424	-53.891	173.084	-73.817	-34.936	177.783	176.159	-121.289	-162.489	172.218	-179.961	59.432	-176.701	178.877	59.537	
3	-3.40653	-94.627	172.957	178.068	62.12	87.689	14.061	-151.562	-174.282	-177.813	78.123	-74.479	176.739	-86.94	155.926	-175.256	72.46	-95.25	-94.587	-46.499	179.202	-63.063	-70.211	176.15	-60.613	
4	-1.44695	72.748	12.349	179.058	-58.91	-80.186	-178.622	76.939	50.461	177.406	71.313	51.165	-177.835	-155.917	161.462	-179.902	-177.288	-112.133	-57.898	-50.405	178.519	-172.943	69.118	-178.572	-179.793	
5	-1.2864	-84.119	24.393	-170.04	58.545	-84.179	-0.313	-92.434	58.221	176.553	75.618	-75.935	-171.85	-69.451	-31.827	-176.491	177.913	-107.226	-151.887	134.075	177.558	-172.751	175.06	179.87	179.991	
6	-1.02615	-75.235	78.597	176.455	-65.669	103.681	-0.365	-172.516	160.181	179.688	79.578	-71.006	-178.458	-75.275	-17.943	176.4	71.692	83.1	-63.946	-41.681	177.765	-71.454	-72.139	-85.609	60.891	
7	-0.821769	58.955	157.322	-177.798	-70.952	100.231	-0.487	81.099	76.022	-174.425	103.047	-47.956	175.731	-75.898	-33.049	179.688	-56.946	109.991	-161.223	140.34	179.577	-171.829	68.594	-178.835	-179.767	
8	-0.349099	-38.946	-35.108	177.186	-179.518	-111.546	178.648	-154.847	39.733	174.513	77.008	-73.593	-177.816	-78.62	-10.652	-178.761	-177.676	-104.917	-142.476	165.163	-7.85	54.845	174.997	177.681	59.955	
9	-0.31592	-159.108	138.524	-178.741	-65.249	97.725	-0.31	-80.9	67.658	170.474	73.421	20.338	177.774	-94.782	-35.085	174.847	-52.027	-53.393	-62.984	-22.754	178.205	69.282	-168.937	172.094	178.587	
10	-0.215502	73.482	10.776	-179.741	-58.125	-71.791	0.027	-60.911	-55.105	178.588	-85.006	59.198	-178.339	-168.413	-51.036	174.109	166.26	57.348	-75.784	-44.915	-12.848	-72.836	178.507	177.362	-61.914	
11	-0.178985	-108.304	175.673	-177.316	77.033	-74.853	0.795	-75.845	75.192	179.435	-84.135	74.387	173.164	-155.564	150.966	-177.354	59.474	-91.064	47.808	-113.875	177.505	-63.639	179.102	-177.878	-179.712	
12	0.235285	-94.695	163.937	179.54	61.414	-90.181	1.803	170.813	-81.862	170.791	-67.105	-52.906	167.774	-86.837	146.763	179.324	178.711	-99.162	-126.393	151.225	-179.645	-59.779	-66.085	-83.815	-57.932	
13	0.63905	-104.37	174.91	173.659	67.069	96.017	-1.261	93.023	13.298	173.338	88.602	-58.291	177.235	-60.326	-29.377	169.884	-62.219	110.75	-129.377	170.123	-179.047	-65.034	-176.202	84.154	178.011	
14	0.981577	-87.811	163.978	-176.628	-62.7	-78.575	179.512	174.222	83.25	174.095	66.924	-96.045	179.316	-74.061	-30.095	175.893	-60.731	-70.646	-76.813	116.28	-33.237	-173.189	-177.981	175.627	59.506	
15	1.08974	-38.578	-42.92	-177.012	-177.404	-88.782	0.239	173.777	65.739	-179.338	81.431	-70.77	179.784	-156.273	153.165	173.914	176.054	-102.481	-129.819	141.074	-179.348	-71.396	-72.141	-86.103	-58.244	
16	2.26749	-156.418	-33.582	176.805	-51.155	-69.204	178.851	-162.666	-139.094	177.558	-59.615	128.331	-174.43	47.178	50.368	-177.656	-52.046	104.529	54.793	-100.644	177.155	-167.371	74.298	-177.771	60.264	
17	2.28294	-44.29	-27.63	-178.685	71.001	-95.695	-1.35	-84.012	-26.354	-175.161	150.041	-42.282	173.9	-59.756	-27.201	164.507	71.104	-91.466	-131.837	-27.425	177.18	-85.133	-74.492	177.87	-60.327	
18	2.39727	72.055	-5.633	-177.397	63.396	81.843	177.158	-165.459	45.782	173.664	65.945	-89.829	-176.912	-90.054	-8.264	171.52	69.266	-95.043	57.711	66.187	0.001	-58.056	-175.821	-164.274	62.289	
19	2.64384	-169.055	-31.734	179.341	175.518	-111.429	0.378	79.229	-70.534	177.907	63.582	-102.626	-178.68	-74.436	-27.715	-179.023	-179.708	80.867	-65.922	-54.394	14.521	-170.504	179.131	-83.565	62.222	
20	2.72878	-39.613	-43.327	-176.623	-57.164	107.618	-0.856	160.933	65.584	-178.101	80.346	-68.379	178.807	-148.051	92.779	-175.247	-179.12	68.406	47.856	50.266	-177.932	-61.772	-169.68	-83.575	59.301	
21	2.83447	69.801	1.228	179.965	98.231	-78.806	179.804	-154.844	53.472	178.987	66.972	-96.338	175.567	-76.46	-31.874	-178.098	-179.821	-98.231	-86.409	152.993	6.898	-64.375	-71.172	-177.502	-178.802	
22	3.2743	-164.159	-32.591	-178.499	-65.11	-80.738	0.045	145.552	-44.717	-179.126	-158.207	93.522	-178.083	-149.343	31.444	179.215	61.949	104.127	-135.355	145.794	-179.68	-78.747	-71.374	149.377	168.877	
23	3.68182	-165.041	-29.73	-179.257	-62.72	103.1	-179.766	168.508	-157.225	-178.793	-76.335	75.894	176.543	-133.823	23.764	-173.401	-50.773	-69.674	-104.4	79.265	-8.263	-64.004	179.922	-84.838	-59.241	
24	4.22654	72.342	15.577	177.768	-57.985	110.57	179.894	-85.961	-43.968	-177.192	-69.276	121.352	171.982	53.929	32.454	-179.744	-163.939	66.295	-161.861	-37.44	-177.742	172.939	155.364	168.97	179.53	
25	4.26999	-90.497	38.721	-178.009	-57.057	-78.775	179.789	69.578	39.515	-178.867	-78.485	73.684	178.815	-92.049	-30.445	-172.731	-54.329	117.258	46.095	48.967	-178.446	-61.572	95.104	-175.148	60.465	
26	4.76207	73.864	-0.818	-177.163	-55.295	101.768	179.295	-176.782	65.932	-172.525	79.728	45.189	-178.047	-160.927	-51.621	175.778	168.863	63.393	58.571	-146.988	178.806	-150.026	-174.127	-81.215	63.702	
27	5.03033	-91.82	43.576	-179.942	-59.738	100.579	-179.966	-165.255	166.607	-179.499	73.591	-76.927	-179.205	-76.456	-29.862	177.962	-59.411	108.457	-66.62	-53.179	10.509	-172.855	176.675	-178.932	-179.864	
28	5.12391	-162.289	-33.004	177.655	-63.954	101.92	-179.768	174.443	162.869	-177.649	-82.467	65.705	-179.046	-85.201	-30.787	177.094	-57.615	115.007	51.074	60.691	2.441	-60.799	-179.559	-84.527	60.89	
29	6.17765	-36.542	-35.778	179.018	-175.539	-96.06	179.51	-171.436	69.271	-179.183	81.539	-65.122	176.487	-142.741	-52.647	176.182	-65.436	-80.114	-68.871	-42.189	-15.772	-173.964	174.722	179.597	-60.021	
30	6.18846	-174.908	-23.581	-178.408	61.822	92.617	1.289	-79.51	72.83	-179.985	-75.712	73.502	-178.398	-164.657	-52.979	-178.784	168.416	74.857	-75.495	130.106	19.77	-169.451	69.7	-178.306	60.202	
31	6.64641	-164.095	-31.49	-179.185	-63.304	-77.425	0.404	-81.912	67.589	-179.906	171.1	165.292	-179.53	50.986	40.621	-179.722	-164.366	-114.28	-163.998	165.739	179.531	62.79	96.354	178.053	178.202	
32	6.86339	-81.432	109.317	-171.003	-59.738	115.644	-0.911	66.448	87.303	-171.491	55.502	-95.679	-173.678	-139.342	50.454	-173.188	-171.366	62.196	45.638	50.457	-178.812	-57.235	-172.476	-74.846	70.048	
33	6.98759	54.925	-56.971	138.301	176.69	74.684	7.57	65.122	24.291	174.458	86.526	-52.455	-177.383	-58.082	-23.029	157.483	68.234	-95.768	-111.051	142.445	-174.426	-80.703	-76.746	178.2	59.772	
34	8.52367	-165.656	-49.104	-174.773	163.258	-104.622	177.408	-173.257	179.626	17.57	68.871	-151.717	175.192	-137.012	16.179	-171.298	60.618	-85.774	-167.196	117.216	-177.696	-177.612	166.626	73.193	170.984	
35	8.80754	-90.289	153.803	178.183	-75.382	-98.672	179.238	-164.184	66.339	-166.164	80.589	69.48	-171.411	55.238	-172.136	174.581	-40.071	117.687	-136.317	-27.295	179.52	-68.337	-178.291	86.351	-60.223	
36	10.5297	-85.45	155.68	176.444	176.259	77.049	-160.997	-72.14	86.553	176.482	-69.628	-179.158	-17.337	-69.312	-17.664	173.349	-63.022	110.295	-142.025	-18.77	176.473	54.19	-94.24	174.78	59.401	
37	11.4424	178.653	-9.316	171.847	65.406	101.017	178.176	174.563	-96.092	27.208	-99.106	-5.779	177.545	-150.344	153.379	-178.414	179.601	80	-162.896	-9.452	179.895	57.252	-175.712	84.553	58.172	
38	12.6181	-165.004	126.838	177.754	172.263	66.038	-2.782	-85.28	175.708	3.173	176.485	55.371	-178.173	-149.615	-52.909	177.699	-66.253	105.894	-155.492	-41.651	-179.913	-168.606	70.784	-178.861	-59.86	
39	12.8367	-165.309	-38.537	-176.736	-178.229	89.74	171.972	145.68	162.604	39.575	85.484	-62.839	-178.501	-149.055	32.492	-179.661	56.164	100.241	-69.775	-47.221	179.539	-170.061	-92.597	178.323	-60.277	
40	12.8743	64.633	65.825	18.916	-63.194	100.933	0.233	178.064	64.218	179.989	-81.067	-18.022	-176.608	-133.676	17.079	-177.302	59.864	94.98	-166.304	161.331	-2.329	56.107	177.684	-84.871	63.018	
41	13.385	-165.997	-53.268	-178.915	171.762	79.163	18.428	70.566	-81.526	-171.701	159.061	45.219	61.137	-149.01	-50.464	175.419	179.107	88.595	-73.952	126.185	-177.961	-170.963	-92.275	178.202	-60.261	
42	14.3325	-99.665	167.981	179.283	72.372	99.093	-178.553	-159.456	75.449	-173.482	150.329	63.767	47.065	-94.743	158.477	-172.204	62.25	-96.217	46.645	70.494	177.062	-69.627	174.232	-177.627	-59.633	
43	14.3445	-163.381	-31.273	179.365	-62.99	102.249	-179.442	-81.48	175.586	4.767	175.749	56.556	-179.125	-145.376	157.866	179.54	-59.675	-73.225	52.843	68.828	-179.13	-163.522	-177.48	-82.752	-177.246	
44	14.4195	74.124	6.892	-178.45	-58.575	105.134	-0.161	73.26	-152.92	179.324	179.38	-179.957	178.889	-66.323	157.111	179.763	70.156	83.847	-156.12	132.509	18.099	-168.965	68.337	83.357	177.153	
45	14.5327	-157.524	-38.279	-179.71	-62.404	-85.54	179.474	160.382	178.927	-179.718	-76.946	75.919	179.528	48.084	53.07	41.398	-53.39	104.036	-174.687	-39.192	-179.958	-172.429	67.556	173.194	-65.128	
46	14.5704	-166.467	136.81	169.203	155.544	60.333	-148.064	-177.038	149.46	29.19	-106.49	-150.709	-178.598	49.087	85.721	179.438	-177.481	56.899	57.979	26.773	179.776	-53.191	-176.554	-177.597	59.933	
47	14.6474	73.814	9.404	177.775	-58.796	-74.582	-0.118	172.578	63.771	25.618	64.873	-175.437	174.166	-84.38	-29.975	-179.176	-59.055	108.019	-164.186	158.9	-177.4	59.141	-173.364	85.394	-60.619	
48	14.7201	80.628	-6.326	-178.92	-174.747	74.025	-178.48	-80.006	176.265	4.335	176.555	59.731	-179.931	-67.893	137.957	179.156	177.186	74.808	52.375	72.833	-178.379	-165.797	176.201	81.784	176.786	
49	14.8631	-78.146	105.867	168.802	170.095	72.149	178.478	77.77	-75.992	-174.832	74.993	38.546	46.585	-123.225	-59.867	-173.32	168.672	63.999	-86.836	129.364	-179.95	-169.08	70.41	179.975	58.936	
50	15.1456	-84.599	157.951	-179.975	-60.39	-79.846	179.367	-78.223	73.874	179.274	-77.839	-177.092	-24.52	-63.245	-31.072	178.114	177.837	76.968	-154.945	-40.567	179.054	-173.133	-94.762	178.185	59.694	
51	15.3002	-132.656	61.613	31.431	-63.367	-85.018	-179.751	61.032	41.908	-177.832	-75.014	74.64	179.253	-160.872	-51.923	-179.139	170.771	-115.992	48.727	59.504	-178.347	-61.682	100.047	-179.274	58.336	
52	15.7384	-37.522	-28.493	176.16	-55.078	-68.62	179.658	178.467	-114.095	44.317	42.473	54.565	-174.126	-77.225	80.447	174.954	-61.999	108.082	61.437	-160.532	-179.357	-146.322	-179.596	-179.206	-179.86	
53	16.0354	70.839	53.871	171.933	-57.351	-60.105	0.097	63.292	47.996	-178.148	166.793	-94.282	37.355	-98.431	142.555	-176.939	73.358	87.096	51.446	-99.845	178.123	-169.102	177.414	179.812	-60.001	
54	16.1864	44.201	159.474	-178.646	62.058	-92.335	177.07	59.308	63.645	24.306	170.41	-50.231	178.511	-74.293	149.275	-178.986	-177.933	65.827	-59.671	152.554	-178.74	69.838	-164.341	-76.88	65.125	
55	16.1983	43.199	172.661	-177.964	69.398	-84.811	173.639	93.628	-160.043	-16.083	91.949	19.566	174.675	49.418	50.919	-179.26	-168.664	-116.215	47.476	63.999	-2.822	-68.561	85.026	-173.79	-58.859	
56	16.2825	-152.216	138.987	30.335	82.222	-77.508	2.492	157.98	71.303	176.194	76.459	-77.594	-178.499	-79.651	-37.679	179.385	-59.341	-72.409	-90.659	136.099	15.319	-160.687	-89.234	-178.717	-60.246	
57	16.334	-37.719	-39.921	-179.166	-178.674	-99.086	178.893	174.332	-179.027	-1.467	-178.799	-55.617	176.022	58.65	-173.89	177.571	-39.554	-61.671	-161.116	166.275	-179.872	56.43	179.272	83.594	58.029	
58	16.3951	44.34	162.26	172.884	62.163	88.13	-179.234	151.43	-88.812	36.183	62.672	-170.763	-179.573	-147.663	-48.8	167.063	-65.665	101.639	-89.249	-20.182	175.439	-64.862	179.65	83.661	-62.17	
59	16.6103	82.485	-8.033	179.153	-58.358	-73.467	-0.171	-61.776	-63.322	-28.688	-64.408	179.16	179.497	-70.528	141.947	-179.109	179.355	-107.682	-71.816	124.609	-178.96	-172.462	176.079	179.832	-60.037	
60	17.4817	73.82	9.387	179.925	-58.627	105.499	-179.923	-73.508	-30.652	-179.646	161.066	-98.899	36.365	-106.384	0.72	177.386	67.622	-92.218	-150.676	167.629	-179.73	57.734	175.617	-84.901	61.246	
61	17.6921	-161.362	131.773	34.52	-74.266	-88.937	179.554	-104.208	-3.827	-177.401	-172.84	-168.719	-178.433	47.863	50.823	-173.282	-167.757	-115.517	-76.804	138.421	-178.761	-64.953	177.838	-172.577	58.988	
62	17.8542	-163.86	-32.133	179.404	-62.984	102.358	-179.595	-73.438	-31.656	178.602	135.8	-100.009	41.192	-110.179	112.567	-176.344	-176.026	-101.611	45.717	-103.31	177.803	-80.727	74.152	179.024	-59.941	
63	18.0536	-37.677	-37.158	173.236	-176.295	-121.857	178.876	147.809	-67.948	-25.318	-172.817	42.624	-174.406	-153.44	-52.765	178.208	-65.242	-73.79	-67.836	-43.268	-12.488	-173.366	174.898	179.859	-60.02	
64	19.8683	-90.228	38.259	-178.393	-57.144	-78.722	179.975	167.944	-61.922	-26.856	-67.184	-46.756	-170.521	-104.673	8.387	179.483	-172.425	-111.574	-153.346	166.157	-8.757	53.826	-94.124	176.9	-61.02	
65	19.8899	-162.916	-32.261	179.151	-62.811	102.061	-179.938	-166.988	42.814	48.716	81.893	-75.581	171.174	-66.402	-25.178	173.133	66.777	-96.187	55.34	-99.222	177.883	-167.638	-179.858	-82.999	-177.193	
66	21.0134	65.435	153.383	-179.279	-62.136	-74.73	0.311	-79.159	71.04	177.888	-67.215	-69.497	-56.034	-130.211	155.72	174.95	175.551	79.652	-149.74	-41.717	179.631	-168.436	70.77	-178.793	-59.843	
67	21.3023	44.171	165.646	179.492	64.033	-91.03	1.139	-156.95	80.049	-176.622	80.57	-67.122	177.829	48.086	57.302	44.262	-169.381	63.722	-93.322	-52.194	-179.97	-64.889	-70.616	-84.925	-178.688	
68	23.7782	74.753	7.749	177.779	-58.487	-74.359	-179.855	-58.672	-62.499	-23.14	-169.022	161.822	26.682	-90.584	-31.417	178.292	-58.938	-73.056	-70.481	-45.729	179.999	-172.119	175.697	179.835	59.994	
69	24.4853	49.009	49.857	36.478	47.479	93.983	-0.8	58.18	41.367	-178.957	84.281	107.773	178.949	57.288	-172.806	177.32	-41.285	-63.536	54.086	-145.303	178.553	-58.704	178.221	-82.367	-56.815	
70	24.6554	-170.981	-17.949	165.948	53.654	98.534	179.007	171.183	-67.636	-29.713	-66.222	-169.722	-31.149	-71.947	-13.169	172.559	72.746	-94.004	-140.053	163.897	-178.457	62.449	176.756	-84.641	-58.514	
71	26.3624	46.083	164.575	-178.323	63.135	-91.857	1.359	156.492	-84.861	38.448	68.197	26.476	-177.084	49.348	-90.114	-159.653	-79.218	-89.328	-156.456	-43.263	178.821	-172.647	-93.995	177.906	-60.313	
72	26.7142	-91.499	41.975	-178.996	-57.832	-79.176	179.622	-74.901	82.496	174.952	-142.314	-89.193	177.317	-135.816	86.268	-137.957	-179.668	66.236	59.194	-25.699	-174.13	108.368	-172.451	179.34	-60.112	
73	27.1946	74.011	7.896	179.907	-59.662	-74.599	179.964	151.196	-152.053	-179.815	-154.635	89.612	-45.317	-76.45	162.766	175.241	-60.82	111.302	-160.141	-40.333	-35.688	-175.647	-95.686	178.204	179.653	
74	27.5045	-162.731	-29.522	176.263	-60.093	-77.036	0.244	-173.534	173.185	25.592	68.468	38.423	174.23	-148.266	126.487	44.51	-75.404	112.626	-110.839	168.965	-179.498	60.739	165.139	-179.706	-59.932	
75	28.0051	-110.082	171.115	172.382	65.005	94.189	-1.245	111.794	-37.328	-177.173	-58.238	-57.243	-37.362	-58.564	128.776	40.5	-75.945	95.223	-107.983	136.744	177.568	-65.155	-71.249	177.072	59.431	
76	28.1027	-91.897	141.238	38.609	76.258	97.125	-177.715	163.829	-152.521	-30.87	109.575	144.89	-176.58	-83.901	-24.271	-178.946	-177.855	-100.798	-59.251	-22.504	176.214	69.455	-167.866	177.257	179.478	
77	28.514	-95.566	166.999	-30.012	61.048	-88.375	2.245	-167.933	161.746	25.102	-92.402	167.233	-176.224	56.823	-177.165	177.828	-40.91	116.838	-159.228	-36.208	-179.799	-166.888	175.464	-177.919	60.422	
78	28.5155	43.785	168.612	177.775	62.116	87.997	-1.208	160.093	-86.689	35.562	64.568	-176.6	-25.762	-61.292	148.72	177.432	-68.489	111.539	47.165	-125.862	177.931	-59.592	-69.246	178.58	59.882	
79	28.993	68.645	12.704	-175.33	-57.759	104.849	179.847	177.575	178.268	20.602	68.287	40.196	175.53	52.329	46.893	56.218	-165.107	65.367	-162.465	144.512	-178.133	-90.733	-70.174	179.527	-59.769	
80	29.3733	-42.844	-43.025	177.828	-59.406	-76.158	0.584	67.979	83.823	-45.56	90.685	-148.574	-170.593	48.081	-86.634	-165.798	-80.768	118.836	-160.07	-39.817	179.268	-171.093	175.939	-84.552	-178.595	
81	30.3098	52.971	149.803	179.896	177.882	-101.817	-1.786	75.887	-156.64	178.449	137.721	-100.502	39.468	-107.057	135.731	-159.216	57.33	88.254	19.401	-119.262	177.775	45.308	173.457	-179.837	-60.65	
82	30.4681	-78.223	127.972	42.989	-53.627	-47.368	178.764	-110.935	13.232	172.089	-74.722	76.244	-179.784	-73.135	141.634	-176.657	-64.647	-72.988	65.842	-23.339	-179.866	116.923	-175.211	179.375	179.927	
83	31.8299	-161.984	-19.734	-63.27	172.591	64.566	-2.153	-160.149	175.496	7.187	175.14	-53.018	177.961	-73.279	137.873	-179.774	178.276	71.435	56.84	-154.181	178.869	-148.207	-178.87	-179.903	-179.977	
84	33.1516	-87.11	119.012	-51.211	50.274	96.525	2.129	-41.707	-64.276	-175.066	-121.581	34.943	174.779	-156.041	173.471	-40.477	56.64	89.357	-54.712	-15.102	-42.933	66.956	-172.153	-80.855	-176.338	
85	35.6329	-86.496	167.39	-28.294	-66.048	100.046	-179.501	-169.355	-162.821	-39.51	-84.781	63.567	178.15	-161.217	-50.691	171.473	169.155	65.726	58.409	21.31	-178.092	-123.34	-67.034	-84.136	-58.031	
86	36.187	-90.834	38.34	-176.597	-57.162	101.16	-0.034	58.791	60.675	31.448	61.129	35.646	-176.863	61.449	166.749	-48.4	-151.244	69.94	-45.871	130.301	-179.335	-76.584	178.385	83.884	58.055	
87	37.0323	65.536	20.048	179.969	-170.161	-116.574	179.369	-168.51	176.336	22.935	72.865	153.045	-168.511	28.454	55.59	46.668	41.537	-84.901	-96.795	124.977	179.263	-72.429	83.726	-178.155	60.278	
88	37.7597	-151.692	135.927	27.141	54.431	-85.071	1.853	156.813	100.122	-30.335	101.977	-139.149	-178.838	-153.436	150.114	-165.996	-177.67	61.271	26.708	-132.965	178.043	53.584	176.028	178.133	179.458	
89	38.9557	-92.637	147.284	-48.74	60.721	-88.606	178.551	99.945	23.559	176.139	75.383	-178.069	-20.062	-66.357	153.989	-179.533	-62.966	-68.979	-68.227	-43.49	-11.735	-173.078	175.419	-85.075	-178.742	
90	40.8584	-83.376	157.88	-179.421	-60.479	-79.056	0.676	169.236	-51.247	179.298	-174.827	168.63	35.975	-172.084	-88.23	80.813	176.689	53.085	-172.484	-38.949	-179.739	-174.096	173.593	-179.951	60.032	
91	41.3149	45.379	41.445	46.137	58.316	97.989	179.378	66.59	123.62	178.17	80.412	-71.209	-177.845	-94.636	-32.542	-171.496	70.788	-93.012	12.804	-98.974	176.758	19.148	74.789	169.209	-64.967	
92	45.1281	-96.018	167.155	-29.188	61.636	91.465	-2.841	-171.389	-59.571	177.821	-81.88	160.593	60.538	25.717	-157.65	169.769	-40.607	-49.264	-153.034	137.952	179.622	-171.473	175.341	179.942	-59.998	
93	47.9455	-98.753	173.853	-51.671	51.922	-96.156	1.898	109.111	-115.087	-169.408	-136.392	67.306	41.451	-177.693	137.176	55.361	74.5	99.818	-95.395	-53.54	-178.372	-169.671	70.443	-178.478	-179.802	
94	61.5985	-177.551	-64.962	59.631	-69.903	-75.977	0.055	151.03	-47.852	-178.045	62.053	51.202	42.48	-166.511	159.877	-126.181	62.33	89.675	71.888	163.893	-179.944	90.047	96.164	83.78	-59.372	
95	44551.6	177.597	-16.253	171.919	39.713	80.481	69.248	89.698	100.879	-29.422	-158.025	49.747	161.998	-54.199	-120.681	-60.598	-123.857	-172.24	161.73	154.974	-179.288	-46.11	124.916	177.153	-117.822	
96	70305.7	-179.762	-151.45	135.432	45.136	72.097	-160.081	-7.283	-32.704	10.423	-23.799	132.351	-81.003	-100.91	-65.72	179.455	-82.027	-57.536	59.601	-96.084	-162.664	-155.119	78.149	-118.955	-58.806	
97	71606.4	-133.451	-10.796	-91.454	6.909	-77.109	2.701	-125.268	-162.12	100.545	-105.285	-54.966	118.796	37.19	142.04	176.578	150.921	-57.837	175.307	158.543	-178.966	-114.822	-72.392	-178.292	-66.969	
98	74773.4	82.114	-1.951	157.91	-55.839	-66.525	2.689	-98.098	115.751	92.554	-125.075	-50.157	34.72	173.516	-58.163	175.778	-79.305	69.839	-92.764	174.26	-179.757	66.172	162.495	75.57	57.157	
99	86200.4	-81.657	-131.668	89.008	-176.66	2.496	-98.905	-161.957	88.325	-107.22	46.636	125.155	98.096	55.89	-121.879	-83.297	-73.985	-178.759	128.772	-131.999	-166.304	-80.221	127.1	83.555	-69.86	
100	136977	83.16	160.281	111.418	50.043	-148.797	-1.07	102.943	-170.89	16.83	34.422	23.23	-163.924	69.744	158.313	-44.762	143.353	53.273	-99.129	12.434	-177.768	131.064	-67.749	-88.064	178.702	
