0.147612192506	456.523373626
0.0266181000114	88.0536196192
0.066541603515	513.004705744
0.0836074392216	73.5469465815
0.0389152887543	138.926941154
0.221523769739	95.1847995217
0.120308522686	56.16649423
0.043741753118	93.0102421979
0.0640713815236	106.162191814
0.0469601205795	147.199261035
0.244284159857	45.5314160835
0.0419339025782	118.300616067
0.328720151474	27.006306139
0.090007823833	473.099387782
0.0462103109395	126.466960548
0.111360845231	65.6654860057
0.0585498298775	197.497924979
0.0345355862535	88.0381805904
0.0525978012868	82.7768473208
0.0318101439212	97.2350079333
0.110992324605	126.935283832
0.0999193496473	67.0922714547
0.17467165708	48.3564808803
0.0544313334703	321.189449633
0.0692729387114	53.9192556467
0.0656458827104	138.659413897
0.0879979441242	245.9363057
0.0403666093549	120.864628356
0.0406790656561	84.9379554636
0.0179195804374	98.1959144306
0.104905646808	210.679593431
0.044779108935	147.39690311
0.0298889965832	90.1183480145
0.0891605711961	514.946887808
0.0281547584376	143.2314129
0.104842799481	83.6245959732
0.188560307334	33.9610696751
0.0352452064239	84.6112652974
0.029976723527	140.09563976
0.0255828900726	305.742399943
0.0204190237612	150.59972
0.0562891504957	95.4462672422
0.129598599073	145.328830078
0.10935444103	368.159209343
0.0328519819335	86.6973929845
0.288069462508	32.8753711914
0.304396769369	54.8658687251
0.0702635345954	273.853224155
0.0486966987802	177.20462458
0.0908222286071	171.314239846
0.0491452459129	90.9935624042
0.268538345806	34.455995543
0.0246765721046	179.877695189
0.0250418582657	205.504117139
0.0538849416592	86.668822949
0.341729050021	27.9440701482
0.135891924175	59.3412893487
0.348811637912	42.746909968
0.0345627117077	113.244826561
0.0309553041311	167.169379461
0.0560902033509	89.9162185072
0.0291751218351	92.5725931915
0.0700076375044	89.5582336486
0.0742311936312	84.4170968892
0.207002628525	27.8663142204
0.0546616662157	108.84276261
0.0342707852713	89.570273931
0.21447733169	37.6028851645
0.330538694918	311.971503251
0.0533570794344	204.906110728
0.0274679297009	88.4332783127
0.177514710585	49.5869427476
0.0413690866662	107.618615653
0.0429108364975	385.528308731
0.047585122598	90.7367270073
0.0278584422511	90.3834479992
0.0817743040882	359.604941767
0.0917218938597	149.9926712
0.0259796594073	92.3825981039
0.166506669846	31.5071227299
0.0384625900315	86.7301756806
0.157791493133	310.177169654
0.021814984673	106.704559858
0.0249340068904	94.3525423011
0.0368459655286	90.4020375024
0.0654693462901	67.6697680542
0.0725707559058	227.842141313
0.094432468597	54.6157786343
0.0338335431838	91.519168176
0.0711714647801	72.1355356301
0.0408129030412	198.406160653
0.0969184390464	341.282863718
0.0586054942144	233.753211014
0.13477229688	50.6689641897
0.181890863157	597.031292938
0.0866267284342	96.5769566536
0.0319732742438	89.3967122185
0.0301581770653	113.138916474
0.0241917839275	93.5123992198
0.12207373061	69.5204279686
0.172446211954	32.6484972364
0.0389014343909	75.9442423523
0.0994738355166	250.048844509
0.0601877254871	260.446986516
0.222424404838	41.382896
0.242584195511	39.0851762646
0.0419211070485	83.3855292508
0.185608906246	227.098710364
0.120481184935	50.7518248902
0.0226643268964	110.878226978
0.0746452030156	75.6386517309
0.0572742921378	82.7302012062
0.0290779104174	108.7495348
0.148642997905	42.7371035049
0.0393745956189	100.484352408
0.0995348875659	71.2081521837
0.110448927593	43.3927153295
0.130527354496	72.8644691404
0.0620734207605	87.346237996
0.0457493782432	128.837255655
0.0491189883135	108.406173577
0.0275599434982	87.7035393692
0.0318893335516	160.708804706
0.0378020082719	138.441771211
0.0239537422596	96.2601700232
0.0403967014251	244.50367071
0.0719775470403	421.627384017
0.0340281082585	130.74414601
0.0447104360481	147.294829194
0.0532976701378	136.637060078
0.0391420644964	78.3813037422
0.163374721545	309.959385165
0.203603788095	386.909205053
0.158068786845	558.283864315
0.0879546749374	108.540888727
0.0462208956056	107.366601662
0.0456042986731	75.5759852765
0.0997448701253	124.027638873
0.169996596252	314.193039132
0.210753222116	47.0686245401
0.078979806778	136.127569925
0.0339304440094	104.114674554
0.398177754744	35.0821664849
0.085706286854	162.994761731
0.0896159887508	83.3991528896
0.0419306361639	112.794688126
0.0379186237168	139.077237417
0.149270651825	45.4024165414
0.130481103802	48.2131101166
0.124426156075	74.088679764
0.0321497875269	113.741971484
0.0334786966195	223.179269744
0.0336482195423	87.1589161722
0.0963252687531	378.478113395
0.0513674767721	85.4583558454
0.0397150278119	97.834052394
0.0856137468948	115.467216287
0.125286730474	73.274594831
0.151735424581	187.468182439
0.0851681021913	78.6665712416
0.0660393543226	100.446033463
0.0653496793366	77.7223657367
0.069001924277	77.8695179981
0.0719888483689	88.0148109896
0.0773042252408	139.420959144
0.033131865938	132.981027531
0.0420931897376	97.6622758462
0.118145141164	232.573841572
0.0925431282549	104.317958437
0.0536372233528	79.1991851371
0.0635528987191	99.5282058206
0.0251572786883	97.583940858
0.0712319873546	302.10436162
0.175720929539	618.713062853
0.0557183525222	92.0014523395
0.0552707951966	109.10227835
0.0269988180907	362.130170521
0.0452171721883	83.5430740634
0.0874291019882	142.640933363
0.182563903109	40.5787228597
0.0452373748128	123.758609104
0.282703821115	390.475672773
0.0203607907697	99.3807171921
0.0300542420638	162.712722135
0.166997488673	460.73461472
0.0465371642523	73.8353627958
0.0541269995906	113.039446513
0.0677691210763	189.476038386
0.148010944017	37.8502589777
0.0264477536277	94.1017715274
0.0314860451318	322.567428722
0.084620773401	78.6605092078
0.0499097947901	90.8134488219
0.156955549499	299.44261744
0.0341180731259	114.359957335
0.0833073623098	67.6819440169
0.0308943194474	123.615732048
0.101726997657	48.9585711897
0.0325687385118	81.1708114015
0.139625277998	164.233388683
